1 2851 4 2
1 2930 -1 10
11 143 -1 10
21 17298 7 6
22 7262 6 5
22 225 7 6
22 659 8 7
22 2251 9 8
22 13685 10 9
22 18641 -1 10
25 143 10 9
33 17298 10 9
35 1639 10 8
40 19892 9 8
40 15995 10 9
78 7262 -1 10
79 143 4 3
79 2658 10 9
82 16807 5 4
82 7006 10 9
95 1639 6 5
102 20265 3 2
102 1639 4 3
102 5826 5 4
102 17298 6 5
102 14891 7 6
102 13685 8 7
102 2327 9 8
102 13912 10 9
102 16020 -1 10
103 1639 5 4
107 19973 8 7
107 17410 9 8
107 7893 10 9
107 8157 -1 10
108 3799 8 7
118 5826 -1 10
136 143 10 9
140 15995 7 6
146 20265 4 3
153 189 -1 10
160 15995 7 6
161 486 7 6
163 1639 5 4
170 189 8 7
171 942 -1 10
182 189 8 7
191 189 3 1
193 1639 3 2
206 189 7 5
208 5881 -1 10
209 7262 5 4
217 143 10 9
218 17298 4 3
221 447 -1 9
228 922 10 9
232 2930 10 9
233 12462 3 2
233 20265 4 3
233 9601 5 4
233 10093 6 5
233 12725 7 6
233 14248 8 7
233 19973 9 8
233 5881 10 9
233 15997 -1 10
235 189 10 9
237 1639 8 6
241 6423 10 9
242 9601 5 4
244 942 7 4
253 189 5 4
255 6423 3 2
255 7208 10 9
278 7208 8 7
280 7208 8 7
289 8115 2 1
300 219 10 8
311 189 7 5
318 143 8 6
323 5881 2 1
324 15831 6 5
338 659 5 4
340 1639 -1 10
341 20498 10 9
348 189 -1 10
351 1639 10 8
365 9917 5 4
368 15002 6 5
368 19973 7 6
368 16866 8 7
368 74 -1 8
376 1639 6 5
377 143 3 2
382 1639 10 8
383 707 9 8
384 1639 5 4
388 707 -1 9
406 12462 4 3
410 15543 -1 10
414 18147 6 5
415 942 7 6
419 2930 8 7
432 143 10 8
437 1639 4 3
443 1639 8 7
447 13685 5 4
447 1639 6 5
447 6146 7 6
447 17618 8 7
447 225 9 8
447 14891 10 9
447 14075 -1 10
467 707 -1 9
468 189 10 9
472 7208 -1 10
479 19973 4 3
479 2930 5 4
481 17410 7 6
487 143 6 5
491 16807 8 7
494 1291 10 9
505 143 -1 10
506 1639 8 7
533 16414 9 8
537 189 10 8
541 1639 3 2
543 9917 3 2
545 143 9 7
549 17298 5 4
562 161 -1 10
563 1639 6 4
567 7262 5 4
569 707 6 5
570 1639 10 9
574 1151 10 9
581 1639 6 5
583 3799 6 5
586 7006 8 7
587 13912 4 3
588 5881 7 6
588 1528 -1 10
605 942 7 6
612 143 6 5
613 1639 5 3
613 5826 8 7
621 143 10 9
628 659 9 8
640 2327 5 4
648 143 9 7
665 9917 10 9
678 189 -1 10
679 189 10 8
699 1639 9 8
702 20265 8 7
704 18401 6 5
707 1639 9 8
709 2851 9 8
713 13685 10 9
715 2930 2 1
728 1639 7 6
728 143 -1 10
744 942 10 9
745 17298 10 9
747 1639 10 9
758 447 9 8
759 189 9 8
763 189 3 2
766 707 -1 10
779 16020 9 8
784 4132 9 8
798 15543 10 9
801 7999 8 7
803 1639 -1 10
808 942 10 9
814 143 10 9
816 554 10 9
825 10384 10 9
829 19973 7 6
833 51 9 8
838 74 6 5
841 942 9 8
845 1639 10 9
859 707 -1 9
862 9917 9 8
867 970 -1 10
868 4515 7 6
871 19973 2 1
871 9601 3 2
871 7262 4 3
871 9917 5 4
871 4515 6 5
871 19049 7 6
871 161 8 7
871 17298 9 8
871 10746 10 9
871 14248 -1 10
873 143 -1 10
880 143 7 6
883 380 -1 10
889 19025 7 6
895 19892 6 5
899 2088 10 9
902 219 9 8
908 9917 9 8
916 189 3 2
916 1639 -1 10
923 16807 8 7
928 942 10 9
930 7262 5 4
931 1151 10 9
936 486 7 5
945 15665 10 9
963 143 10 9
965 14170 9 8
977 1639 -1 10
984 17298 2 1
996 1210 -1 10
1000 1639 8 7
1005 189 4 3
1008 74 6 5
1015 9601 8 7
1016 707 9 8
1025 1639 2 1
1033 5 10 8
1034 1639 7 6
1037 942 -1 9
1038 2327 9 8
1039 143 8 7
1041 161 9 8
1052 189 8 7
1059 16319 -1 10
1061 1288 -1 10
1070 1639 3 2
1071 1639 -1 10
1081 1525 6 5
1092 4515 9 8
1098 17298 10 9
1104 1639 -1 10
1113 14891 5 4
1123 942 4 2
1130 1639 6 5
1131 1639 9 8
1147 19658 9 8
1156 17298 10 9
1168 8115 2 1
1169 1002 7 6
1170 8115 8 7
1172 143 9 7
1183 707 10 9
1184 707 9 8
1191 10093 9 8
1196 1639 10 9
1208 1137 8 7
1210 1639 3 2
1214 17298 6 5
1222 1639 6 5
1224 15995 5 4
1224 143 -1 10
1227 9601 9 8
1230 74 9 8
1232 16344 10 9
1232 57 -1 10
1235 74 6 5
1236 942 8 7
1240 707 6 5
1241 3799 4 3
1246 1639 -1 10
1249 17298 8 7
1255 1639 -1 10
1262 1639 2 1
1265 19973 8 7
1268 219 4 3
1271 7006 -1 10
1272 14891 9 8
1284 1639 -1 8
1285 707 2 1
1286 1639 10 9
1295 8115 2 1
1310 2930 9 8
1317 1639 4 3
1332 1639 8 7
1342 1639 6 5
1344 17298 8 7
1356 8115 -1 10
1364 1639 7 5
1365 486 5 4
1383 189 8 7
1384 17298 9 8
1388 9925 7 6
1401 9917 5 4
1402 8115 3 2
1402 14170 -1 10
1403 1639 5 4
1405 14038 2 1
1409 1639 -1 10
1417 1639 6 5
1417 707 -1 10
1423 1639 7 6
1441 7208 7 6
1452 1592 6 5
1454 74 3 1
1457 7494 7 6
1467 447 3 2
1467 143 -1 10
1473 1639 9 8
1476 7262 8 7
1476 9601 9 8
1476 19973 10 9
1476 19323 -1 10
1484 1639 6 5
1487 19973 9 8
1490 2851 9 8
1493 1639 7 6
1503 189 -1 10
1508 707 10 9
1528 2930 8 7
1529 1216 9 7
1536 189 6 5
1539 6423 5 4
1539 143 -1 9
1560 189 9 8
1562 189 10 9
1566 486 -1 10
1600 74 3 2
1609 189 6 5
1617 1639 10 9
1624 942 7 6
1634 9917 7 6
1635 970 -1 10
1639 8115 8 7
1646 8289 8 7
1650 17298 3 2
1651 19892 10 9
1652 1639 10 9
1654 942 -1 10
1656 9917 3 2
1668 1639 6 4
1683 1639 5 4
1684 1639 8 7
1689 1639 8 7
1693 942 9 8
1702 17298 4 3
1702 1639 9 8
1706 707 9 8
1710 1137 8 7
1711 5881 9 8
1713 16319 5 4
1717 16319 9 8
1720 74 7 6
1733 189 8 6
1742 1137 -1 10
1753 1639 2 1
1761 1639 10 9
1783 7006 7 6
1790 143 6 5
1796 143 7 5
1800 74 7 6
1806 16414 9 8
1817 1639 10 7
1818 1639 -1 10
1824 13912 7 6
1824 15543 8 7
1824 2930 10 8
1824 16414 -1 10
1825 74 10 9
1843 16807 9 8
1858 5826 -1 10
1859 74 10 9
1863 143 10 9
1872 15995 6 5
1893 143 8 7
1898 1525 10 9
1899 447 7 6
1901 1639 6 5
1906 15995 8 7
1908 1639 7 6
1911 9601 8 7
1911 8115 10 9
1917 1639 9 8
1924 20540 5 4
1924 707 -1 9
1933 189 -1 10
1941 659 8 7
1947 7208 3 2
1956 18401 4 3
1961 16807 -1 10
1963 2851 3 2
1964 942 6 4
1974 7006 3 2
1992 20265 5 4
1997 1639 8 7
2003 143 5 4
2006 7262 4 3
2025 20265 6 5
2045 707 6 5
2047 74 3 2
2052 189 7 6
2057 14170 -1 10
2065 74 10 8
2066 18641 9 8
2069 18496 3 2
2070 189 10 8
2071 942 3 2
2075 143 10 9
2078 14891 6 5
2084 12674 9 8
2089 14783 7 6
2093 1639 5 4
2112 9641 7 6
2121 5881 5 4
2127 1639 -1 10
2130 189 8 7
2146 15995 6 5
2149 447 -1 10
2157 1639 10 9
2171 143 6 5
2171 1639 9 7
2174 19973 6 5
2174 17298 10 9
2180 1639 6 5
2184 13685 -1 10
2185 8289 7 6
2213 7208 6 5
2219 7893 5 4
2226 19973 4 3
2231 8289 10 9
2246 189 8 6
2247 7262 8 7
2247 1639 10 9
2250 16807 4 3
2253 1528 5 4
2263 1639 9 8
2267 1639 10 9
2268 19060 -1 10
2275 1639 2 1
2287 74 3 2
2287 5881 10 9
2293 17298 6 5
2293 5881 8 7
2294 2930 -1 10
2297 7262 3 2
2299 74 8 7
2305 74 4 3
2312 1639 8 7
2313 6443 4 3
2327 13912 9 8
2328 1639 9 8
2330 143 6 5
2330 74 10 9
2342 1639 -1 9
2343 1151 9 8
2347 1639 3 2
2349 1525 -1 9
2350 74 -1 10
2355 8289 7 6
2367 20265 5 4
2378 74 7 6
2389 1639 6 5
2402 1639 5 4
2406 942 10 9
2418 5826 3 2
2418 707 -1 10
2422 1639 10 9
2430 1639 6 4
2456 19973 -1 10
2458 189 10 9
2476 1525 9 8
2478 1639 -1 10
2488 1639 3 2
2493 1639 5 4
2501 8115 6 5
2506 1639 4 3
2511 1639 9 8
2520 14891 9 8
2539 12630 10 9
2545 1639 4 3
2550 1639 4 3
2551 380 4 3
2571 17298 3 2
2571 707 5 4
2573 1151 10 9
2578 1639 3 2
2583 189 9 8
2592 942 9 8
2599 942 -1 9
2600 74 10 9
2603 189 9 8
2607 7262 9 8
2609 1639 6 5
2611 942 -1 10
2615 1639 8 7
2631 18401 6 5
2637 13912 9 8
2638 1291 10 9
2648 19973 6 5
2652 1639 5 4
2656 20539 -1 10
2660 15637 9 8
2666 12462 6 5
2669 447 10 9
2670 1639 4 3
2672 707 6 5
2694 9917 6 5
2699 707 4 3
2699 1137 -1 10
2711 8115 10 9
2715 1639 9 8
2716 1639 8 7
2717 7006 10 9
2722 17298 7 6
2723 486 10 9
2739 1423 6 5
2753 5 3 2
2755 970 -1 10
2774 4265 4 3
2781 1639 -1 10
2793 143 9 8
2794 1639 4 3
2807 10093 8 7
2813 707 6 5
2813 1137 -1 10
2819 17374 8 7
2824 143 7 6
2832 1525 6 5
2849 189 -1 9
2850 74 4 3
2861 1639 7 5
2865 942 6 5
2865 1639 -1 10
2869 942 -1 10
2876 7262 7 6
2888 2851 6 5
2888 18147 7 6
2898 15995 -1 10
2904 1639 10 9
2913 17298 -1 10
2917 1639 7 6
2919 942 9 8
2934 447 -1 10
2946 1639 6 5
2947 1639 5 4
2949 19060 7 6
2950 189 -1 9
2974 9917 10 9
2975 1639 -1 9
2978 2930 2 1
2984 707 -1 10
2997 942 5 4
3007 8115 -1 10
3011 9917 5 4
3012 922 9 8
3019 942 9 7
3031 380 8 7
3039 20265 6 5
3047 7208 7 6
3049 18401 7 6
3051 942 3 2
3054 10746 -1 10
3055 17410 9 8
3076 1639 5 4
3087 1639 5 4
3098 189 4 3
3099 189 5 4
3102 7999 10 9
3105 189 -1 10
3107 5 9 8
3107 4019 -1 10
3111 74 6 5
3124 17618 -1 10
3133 5881 -1 10
3141 707 4 3
3143 74 10 9
3146 1639 -1 10
3163 12805 6 5
3163 9601 7 6
3163 9925 8 7
3163 12725 9 8
3163 14170 10 9
3163 10746 -1 10
3164 8115 4 3
3187 1639 -1 10
3188 1639 6 5
3206 1639 5 4
3210 17663 10 9
3241 189 3 2
3243 3086 9 8
3262 14595 8 7
3273 1639 6 5
3276 2930 4 3
3280 942 5 4
3280 1639 -1 10
3292 1639 10 8
3294 16807 6 5
3305 970 -1 10
3306 1639 -1 10
3307 14891 9 8
3317 19049 -1 10
3344 143 4 3
3345 143 9 8
3355 1639 7 6
3379 1151 6 5
3380 5881 8 7
3389 1802 -1 10
3396 1639 3 2
3398 189 7 6
3405 1151 -1 10
3415 707 2 1
3415 1639 8 7
3420 1639 9 8
3424 1241 -1 10
3428 7111 -1 10
3437 2930 10 8
3442 5881 6 5
3442 1639 -1 10
3443 1639 4 3
3446 1639 -1 10
3448 17298 -1 10
3450 7893 5 4
3467 17298 3 2
3487 1639 3 2
3490 2930 -1 10
3492 707 -1 10
3497 1639 5 4
3502 12462 4 3
3502 3134 5 4
3502 8221 6 5
3502 9601 7 6
3502 20265 8 7
3502 19973 9 8
3502 14248 10 9
3502 4807 -1 10
3507 189 -1 10
3509 1639 6 5
3524 7262 -1 10
3528 1639 -1 9
3534 942 9 8
3542 1639 9 7
3550 20265 5 4
3567 2930 2 1
3584 17374 9 8
3586 17298 10 9
3590 143 10 9
3592 12563 9 8
3599 12630 9 8
3600 942 10 9
3603 1639 5 4
3608 707 6 4
3609 14891 5 4
3611 7143 10 9
3612 189 4 3
3617 707 4 3
3624 17618 8 7
3628 9601 7 6
3628 17298 8 7
3628 3134 9 8
3628 12674 10 9
3628 6443 -1 10
3629 143 4 3
3636 5881 4 3
3651 2930 9 8
3653 74 -1 10
3655 20265 9 8
3666 14891 5 4
3671 11970 10 9
3680 942 2 1
3687 970 10 9
3690 143 10 9
3692 14891 8 7
3697 189 5 4
3700 1639 9 8
3710 10820 -1 10
3713 17374 8 7
3715 1639 10 9
3729 18496 10 9
3731 15543 4 3
3740 1639 4 3
3744 143 10 8
3754 189 -1 10
3761 1639 8 6
3772 19973 8 7
3774 8115 9 8
3787 189 10 9
3788 19973 5 4
3799 15995 7 6
3802 4515 8 7
3814 1639 9 7
3815 15995 5 4
3820 942 7 6
3825 74 10 9
3828 189 -1 10
3834 189 3 2
3834 74 7 6
3843 15543 10 9
3844 19783 10 9
3848 19973 -1 10
3858 189 5 4
3867 1639 3 2
3878 1639 3 2
3881 1639 -1 10
3894 970 7 6
3896 189 10 9
3899 18147 8 7
3907 189 4 3
3910 143 10 9
3919 8115 4 3
3921 1639 -1 10
3924 189 10 9
3928 143 10 9
3929 1639 -1 9
3938 7208 9 8
3946 707 7 6
3949 7262 9 8
3950 1639 6 5
3951 6423 7 6
3952 17298 10 9
3959 15543 4 3
3964 74 5 4
3964 143 -1 8
3971 1639 8 7
3972 1639 5 4
3983 1639 6 5
3987 219 10 9
3998 143 8 7
4003 447 -1 10
4006 1639 6 5
4014 18147 6 5
4016 1639 -1 9
4018 143 -1 9
4036 15543 -1 10
4054 9917 8 7
4069 1639 -1 10
4070 8221 3 2
4070 4807 4 3
4070 16807 5 4
4070 8237 6 5
4070 7262 7 6
4070 3134 8 7
4070 17298 9 8
4070 143 10 9
4070 12462 -1 10
4072 1639 3 2
4078 189 3 2
4082 74 9 8
4091 189 8 7
4096 707 9 8
4096 1137 -1 10
4098 4515 7 6
4101 1528 5 4
4107 189 6 5
4113 1639 8 7
4132 7893 8 7
4136 10093 10 9
4153 74 -1 10
4173 16020 9 8
4178 1639 8 7
4184 189 5 4
4188 922 4 3
4196 1639 8 7
4199 380 6 5
4212 364 -1 9
4218 7262 4 3
4219 707 10 8
4220 7893 -1 10
4221 143 10 9
4226 12805 -1 10
4235 707 6 5
4247 7893 3 2
4251 2930 -1 10
4253 17618 10 9
4273 2327 6 5
4276 10093 10 9
4279 1639 10 9
4285 18147 8 7
4285 1639 -1 10
4287 2930 3 2
4295 486 10 8
4300 486 3 2
4300 4558 -1 10
4318 1639 7 6
4318 942 10 9
4319 17298 6 5
4320 74 9 7
4323 74 7 6
4330 2930 4 3
4335 1639 10 8
4339 189 9 7
4340 17374 -1 10
4344 74 2 1
4351 20265 7 6
4354 707 -1 8
4356 942 9 7
4358 189 9 7
4360 486 9 8
4362 10746 10 9
4362 4515 -1 10
4364 10093 9 8
4366 13696 10 9
4374 17298 2 1
4381 2930 9 8
4383 1639 9 8
4386 1525 10 9
4388 1639 10 9
4396 189 4 3
4401 1639 6 5
4405 8115 8 7
4409 143 5 4
4416 6423 -1 10
4420 707 4 3
4423 486 -1 9
4427 922 5 4
4442 143 5 4
4445 1639 4 3
4454 189 10 8
4459 1639 3 2
4464 486 4 3
4469 8115 9 8
4485 18147 2 1
4486 1639 8 7
4493 942 7 6
4502 8221 5 4
4515 17374 7 6
4522 380 -1 10
4523 1639 9 8
4542 13427 7 6
4545 942 9 8
4553 1639 10 8
4555 9601 7 6
4555 8115 10 9
4567 7262 7 6
4581 143 -1 8
4586 1639 6 5
4593 74 3 2
4613 2930 9 8
4613 14391 10 9
4615 17298 4 3
4615 1639 -1 10
4621 14891 3 2
4622 659 -1 10
4632 1639 5 4
4642 189 -1 9
4651 15543 3 2
4653 1639 5 4
4654 1639 5 4
4656 15995 3 2
4659 20265 5 4
4659 942 9 7
4661 1639 5 4
4664 12462 5 4
4664 8339 10 9
4665 10820 6 5
4666 5881 4 3
4666 12630 6 5
4668 1639 5 4
4675 1525 -1 9
4683 14891 4 3
4684 189 -1 10
4687 143 4 3
4692 143 10 8
4693 2930 6 5
4697 9925 10 9
4699 11719 9 8
4702 2930 -1 10
4704 189 4 3
4737 1639 5 4
4742 1639 -1 10
4745 12338 7 6
4746 189 6 5
4748 7262 -1 10
4756 11126 10 9
4760 2930 9 8
4779 1639 5 4
4781 8931 10 9
4787 18401 5 4
4794 19173 5 4
4796 9925 2 1
4800 7262 6 5
4809 1639 8 6
4815 2851 10 9
4826 8115 3 2
4833 970 7 6
4846 189 7 6
4850 51 10 8
4851 189 5 4
4856 1639 7 6
4861 2930 4 3
4866 1639 6 5
4870 7893 7 6
4874 13427 7 6
4876 19973 7 6
4888 8289 8 7
4889 189 10 9
4893 1639 10 8
4896 2930 4 3
4898 20265 9 8
4901 1639 8 7
4902 8115 8 7
4902 8289 9 8
4905 2930 5 4
4907 189 -1 10
4909 9601 4 3
4911 942 -1 9
4917 1639 8 7
4923 707 7 6
4930 1639 9 8
4932 1639 8 7
4946 9917 8 7
4951 942 -1 10
4954 1639 8 7
4962 9601 7 6
4968 1639 8 7
4976 1639 -1 10
4991 1639 4 3
5013 1639 6 5
5015 5826 9 8
5021 20265 8 7
5022 1639 7 6
5036 9601 6 5
5037 7893 6 5
5046 8115 2 1
5049 14170 8 7
5049 7262 10 9
5049 15995 -1 10
5063 5072 9 8
5077 7208 6 5
5079 5881 -1 10
5094 2327 10 9
5099 12462 4 3
5101 707 -1 10
5102 74 7 6
5107 942 7 6
5114 2851 9 8
5116 12462 9 8
5118 9601 8 7
5121 8289 4 3
5130 143 -1 10
5135 17298 7 6
5137 17410 7 6
5141 19025 5 4
5152 10093 7 6
5174 2930 9 8
5177 1639 -1 9
5184 9641 7 6
5185 189 4 3
5194 1639 7 6
5195 143 7 6
5196 2658 6 5
5197 20265 7 6
5200 9925 10 9
5207 1639 -1 10
5217 15995 10 9
5231 447 9 8
5239 942 6 5
5249 2930 2 1
5249 143 -1 10
5253 7262 7 6
5255 15491 10 9
5265 1639 8 7
5268 447 10 8
5270 364 4 3
5273 2930 9 8
5277 1639 4 3
5285 20265 8 7
5286 13685 8 7
5286 1639 10 9
5301 1639 10 8
5303 18401 9 8
5304 1151 8 7
5304 1639 10 8
5304 143 -1 10
5306 1528 -1 10
5308 18505 8 7
5318 19973 6 5
5328 1639 9 8
5340 942 6 5
5356 1525 5 4
5357 18847 8 7
5358 189 -1 10
5361 19973 -1 10
5370 1639 4 3
5372 942 8 7
5374 1291 -1 10
5379 161 9 8
5380 16020 6 5
5381 1639 9 8
5389 143 8 7
5398 8289 -1 10
5399 8289 -1 10
5402 1639 -1 10
5403 7262 -1 10
5404 1639 4 3
5404 1137 9 8
5407 74 10 8
5413 1639 9 8
5420 1639 -1 10
5427 1639 7 6
5429 2930 9 8
5438 1639 7 5
5438 14926 -1 10
5448 7006 7 6
5449 1639 5 4
5449 189 10 9
5455 1639 6 5
5456 707 9 8
5458 9917 -1 10
5470 14891 4 3
5470 13912 5 4
5470 20265 6 5
5470 6423 7 6
5470 8221 8 7
5470 13685 9 8
5470 19973 10 9
5470 5881 -1 10
5471 1525 9 8
5477 707 10 9
5488 486 -1 10
5494 143 5 4
5494 74 10 9
5495 447 3 2
5497 364 10 9
5498 10093 10 9
5501 16414 6 5
5502 1592 10 9
5507 18656 9 8
5508 6423 10 9
5510 14891 6 5
5535 2851 6 5
5538 1639 9 8
5543 74 7 3
5573 12462 5 4
5582 17298 4 3
5583 9601 5 4
5583 659 6 5
5583 1639 7 6
5583 14038 8 7
5583 14926 9 8
5583 6146 10 9
5583 13685 -1 10
5586 1639 9 8
5587 74 6 5
5594 1639 8 7
5605 10093 7 6
5610 247 7 6
5612 942 3 2
5612 1639 5 4
5616 7208 9 8
5621 1639 3 2
5623 9601 9 8
5626 1639 -1 10
5634 161 3 2
5634 12462 4 3
5634 18505 5 4
5634 10384 6 5
5634 18401 7 6
5634 5857 8 7
5634 8115 9 8
5634 16319 10 9
5634 12725 -1 10
5637 7006 10 9
5638 1639 -1 9
5640 12725 9 8
5641 19973 8 7
5646 18505 7 6
5649 74 4 3
5652 2930 7 6
5655 707 7 6
5655 10746 9 8
5659 707 5 4
5665 143 2 1
5666 12630 10 9
5674 3799 -1 10
5675 1639 -1 10
5681 447 -1 9
5683 5 -1 9
5687 16414 -1 10
5689 6146 7 6
5689 11970 8 7
5689 6423 9 8
5689 225 10 9
5689 14926 -1 10
5695 7893 10 9
5701 17229 9 8
5714 7262 8 7
5715 1639 8 7
5719 6146 -1 10
5726 15491 8 7
5727 143 -1 10
5730 189 9 8
5737 17298 6 5
5746 707 5 4
5757 1216 6 5
5758 8570 10 9
5767 10384 3 2
5769 18147 6 5
5775 7262 8 7
5784 1639 8 7
5787 74 5 4
5787 1639 10 8
5789 1639 9 8
5790 1639 9 8
5798 7893 10 9
5798 11662 -1 10
5800 3621 10 9
5801 3799 9 8
5813 1639 9 8
5818 189 -1 10
5819 707 -1 8
5822 1151 4 3
5834 13685 10 9
5835 1639 -1 10
5838 1639 7 6
5839 8289 3 2
5841 19973 4 3
5853 1639 4 3
5895 7262 6 5
5896 16714 9 8
5896 16319 10 9
5896 8289 -1 10
5903 707 -1 10
5914 189 10 9
5929 1639 9 7
5931 1592 10 9
5935 9601 10 9
5942 1639 5 4
5942 380 10 9
5945 942 7 6
5946 189 10 9
5950 189 4 3
5950 17298 9 8
5956 707 -1 10
5976 13427 9 8
5976 7143 -1 10
5977 1002 8 6
5977 74 9 8
5977 13696 10 9
5977 7893 -1 10
5978 13685 -1 10
5984 9601 9 8
5987 143 9 8
5993 922 -1 10
5998 1639 6 5
6003 9917 9 8
6004 1639 -1 10
6005 17374 6 5
6009 1639 5 4
6012 15002 -1 10
6023 12725 9 8
6024 74 4 3
6029 5881 6 5
6035 447 5 4
6036 143 9 8
6038 1639 8 7
6041 1639 -1 10
6052 1639 6 5
6057 17410 9 8
6058 19973 6 5
6063 1639 -1 10
6070 14248 3 2
6077 74 -1 9
6082 942 7 6
6091 1639 3 2
6091 189 9 8
6094 942 6 5
6103 1639 7 5
6106 1639 6 4
6108 14170 7 6
6110 17298 4 3
6111 8809 -1 10
6124 8115 10 9
6132 1639 4 2
6142 143 10 9
6145 1639 6 5
6149 486 -1 9
6167 17298 10 9
6170 189 3 2
6170 143 7 6
6171 5826 3 2
6180 707 10 9
6184 143 -1 10
6191 10455 9 8
6200 1639 7 5
6206 8289 10 9
6207 1639 7 5
6208 1639 8 7
6211 19973 6 5
6214 1492 9 8
6220 13685 3 2
6220 8289 4 3
6221 2930 6 5
6229 1639 10 9
6232 659 8 7
6236 1639 6 5
6241 20265 9 8
6246 1639 5 4
6248 1639 -1 10
6252 942 9 8
6253 143 6 5
6256 2251 8 7
6257 143 -1 10
6264 1802 -1 10
6271 13685 6 5
6271 17298 8 6
6271 2327 9 8
6271 19973 10 9
6271 14926 -1 10
6274 707 7 4
6275 5 4 3
6276 486 -1 10
6294 942 10 9
6298 1639 5 4
6300 18147 10 9
6317 143 10 9
6318 942 9 7
6319 1639 9 8
6325 1639 -1 9
6335 942 -1 10
6337 942 9 8
6343 20265 6 5
6348 1592 9 8
6364 15057 8 7
6370 7006 6 5
6382 143 -1 10
6389 189 -1 10
6394 1639 6 5
6398 143 10 9
6401 1137 -1 9
6404 15543 8 7
6406 17410 8 7
6417 707 5 4
6424 922 7 6
6424 189 -1 10
6425 14891 6 5
6425 189 7 6
6430 447 6 5
6436 8115 -1 10
6443 1639 8 6
6444 12462 3 2
6449 18496 -1 10
6451 2930 -1 10
6458 17298 7 6
6458 9917 10 9
6460 13696 4 3
6466 1639 -1 10
6472 1639 8 7
6473 18656 9 8
6474 1639 -1 10
6476 1639 -1 10
6487 17298 10 9
6493 15491 6 5
6494 447 -1 10
6496 659 6 5
6497 4712 10 9
6500 4132 9 8
6506 1639 9 8
6508 1639 6 4
6513 74 8 7
6522 1639 10 8
6524 7006 9 8
6525 3275 8 7
6525 16631 9 8
6527 1639 -1 10
6533 2930 -1 10
6536 9917 6 5
6540 1639 10 9
6541 942 10 8
6546 189 10 9
6547 1639 10 9
6560 1639 -1 10
6563 1639 4 3
6563 1137 -1 10
6569 189 9 8
6582 7208 10 9
6587 219 10 8
6605 447 6 5
6613 74 4 2
6614 942 9 6
6616 1639 7 6
6622 143 9 8
6623 1639 7 6
6624 1639 7 4
6631 2930 10 9
6632 15995 7 6
6638 1151 -1 10
6641 19049 10 9
6649 7143 5 4
6665 3799 -1 10
6672 4515 8 7
6691 20215 6 5
6703 16807 7 6
6704 16807 8 7
6705 1639 7 6
6710 8115 5 4
6710 8157 6 5
6712 380 -1 10
6722 12338 -1 10
6724 1639 5 4
6733 8115 8 7
6743 8115 9 8
6752 143 -1 10
6760 16414 7 6
6761 143 8 7
6762 707 -1 10
6767 14891 8 7
6773 1639 5 4
6774 2930 10 7
6776 17298 9 8
6779 19658 10 9
6782 10226 6 5
6783 143 9 8
6787 1639 10 9
6788 143 10 9
6789 1639 3 2
6795 1639 9 8
6811 364 -1 9
6828 1639 2 1
6830 15543 9 8
6831 1592 3 2
6831 7999 8 7
6852 486 10 9
6857 189 -1 10
6859 1639 8 7
6863 189 5 4
6884 1639 2 1
6894 9181 -1 10
6898 17298 2 1
6905 1639 9 8
6924 707 10 8
6930 1639 7 6
6932 11767 10 9
6942 10093 5 4
6946 16807 10 9
6950 74 9 8
6952 14926 -1 10
6955 7262 10 9
6956 189 -1 10
6969 189 8 7
6982 1639 5 4
6992 1639 6 5
6995 1639 -1 10
6998 2930 8 7
7003 942 -1 10
7008 16807 -1 10
7009 1592 -1 10
7011 1639 -1 10
7012 1639 10 9
7015 5869 -1 10
7017 9641 7 6
7018 707 3 1
7020 20265 3 2
7021 189 9 8
7029 1639 6 5
7038 922 5 4
7046 707 7 6
7056 16807 9 8
7062 143 6 5
7063 189 10 9
7067 20265 3 2
7072 1639 9 8
7073 486 10 8
7080 8115 2 1
7093 8115 6 5
7095 1639 7 6
7103 447 10 9
7112 19049 7 6
7121 707 10 8
7133 20265 9 8
7133 707 -1 10
7135 17298 6 5
7138 4515 6 5
7143 17298 5 4
7147 1639 7 6
7147 707 -1 10
7148 17298 4 3
7150 143 6 5
7153 189 -1 9
7162 942 5 4
7168 9601 10 9
7173 7262 8 7
7176 1639 10 9
7184 74 10 8
7191 1639 -1 9
7199 1639 6 5
7210 8115 6 5
7210 17618 -1 10
7212 6423 9 8
7215 1639 8 7
7216 74 3 2
7218 189 8 7
7219 1639 4 3
7222 1639 10 9
7224 2930 5 4
7227 7262 3 2
7230 8289 9 8
7233 14891 -1 10
7236 2930 2 1
7240 1639 -1 10
7241 189 8 7
7249 9925 4 3
7250 20540 9 8
7251 1639 9 8
7261 942 7 6
7269 1137 -1 10
7271 16361 -1 10
7277 19973 8 7
7279 18496 -1 10
7283 189 6 5
7288 4515 6 5
7321 16297 9 8
7330 2851 -1 10
7342 4060 8 7
7345 1639 8 7
7350 19973 4 3
7352 970 9 8
7357 5881 4 3
7359 8176 -1 10
7360 5881 4 3
7361 942 9 8
7363 659 6 5
7365 659 6 5
7367 7262 -1 10
7369 20539 9 8
7374 14170 7 6
7375 20265 6 5
7386 1639 10 9
7389 74 5 4
7393 14248 5 4
7398 189 -1 10
7407 1151 8 7
7422 15486 -1 10
7432 143 -1 10
7434 2930 3 2
7437 19049 7 6
7438 189 5 4
7439 707 9 7
7451 707 4 3
7463 9917 6 5
7488 143 8 7
7489 74 3 2
7496 1639 3 2
7497 7262 8 7
7501 1525 8 7
7504 9601 7 6
7509 5826 9 8
7522 2851 9 8
7532 18387 10 9
7533 2930 8 6
7541 19973 6 5
7541 19958 7 6
7541 19658 8 7
7541 161 9 8
7541 1592 10 9
7541 9925 -1 10
7553 5 3 2
7555 659 8 7
7559 1639 -1 10
7568 2930 5 4
7572 1639 6 5
7573 189 5 4
7576 20540 10 9
7581 20265 4 3
7581 1639 8 7
7592 7893 10 9
7595 10093 8 7
7596 3799 7 6
7598 7262 -1 10
7603 143 10 9
7604 1639 9 8
7607 1291 10 9
7608 380 10 9
7616 1639 10 9
7619 6263 10 9
7630 17298 7 6
7635 486 8 7
7643 1639 9 8
7644 1639 8 7
7647 707 9 7
7651 1639 7 6
7659 13685 5 4
7670 1639 7 5
7673 189 6 5
7692 143 6 5
7704 1639 4 3
7710 2930 10 9
7711 1639 2 1
7711 1137 6 5
7725 3799 8 7
7729 1639 5 4
7729 189 10 9
7743 707 5 4
7743 1639 -1 10
7745 13696 -1 10
7754 189 9 8
7756 707 -1 10
7758 942 5 4
7762 2930 8 7
7766 1639 4 2
7777 1639 7 6
7793 15543 4 3
7796 20540 -1 10
7799 20265 10 9
7808 1639 10 9
7816 1639 6 5
7817 1639 5 4
7830 17298 7 6
7848 942 6 5
7851 2327 10 9
7856 161 -1 10
7857 1639 10 9
7861 19973 9 8
7870 18505 9 8
7872 1639 8 7
7873 1639 8 7
7874 1639 10 9
7875 942 -1 10
7878 1639 7 6
7878 707 8 7
7879 1639 7 6
7885 2851 7 6
7888 707 -1 9
7892 5881 5 4
7909 1639 5 4
7914 189 8 7
7927 143 9 8
7945 1639 -1 9
7947 17298 8 7
7948 1639 2 1
7954 1639 10 9
7958 189 9 8
7960 1639 8 7
7972 6443 9 8
7980 1639 5 4
7982 1639 9 8
7983 14038 8 7
7990 1639 7 6
7991 380 9 8
7992 19049 5 4
7999 143 -1 10
8001 5881 9 8
8005 74 8 7
8013 19012 6 5
8015 1639 -1 10
8016 486 -1 10
8018 14891 6 5
8022 9601 -1 10
8024 20265 6 5
8028 942 -1 10
8030 1639 9 8
8032 1639 5 4
8033 1639 5 4
8034 20265 4 3
8049 14891 7 6
8053 17410 10 9
8055 10746 7 6
8057 15995 9 8
8059 8115 7 6
8067 1639 9 8
8086 707 7 6
8089 12630 9 8
8091 143 7 6
8104 189 -1 10
8108 189 -1 10
8124 15995 2 1
8129 17298 10 9
8130 143 10 9
8144 3138 9 8
8152 1639 10 9
8155 9917 4 3
8155 19060 9 8
8157 7262 3 2
8162 20265 6 5
8167 18147 -1 10
8172 18147 2 1
8174 20265 3 2
8184 942 9 8
8186 1639 10 9
8200 1639 6 5
8210 16807 6 5
8213 19973 9 8
8216 1639 9 8
8221 380 4 3
8227 1525 10 9
8235 1639 9 8
8239 18641 6 5
8240 1525 -1 10
8241 189 10 8
8242 189 10 9
8243 942 -1 10
8250 380 8 7
8260 15995 -1 10
8270 2930 6 5
8271 1639 6 5
8275 189 5 4
8276 9917 5 4
8282 2930 6 5
8290 17298 -1 10
8296 1639 -1 10
8311 707 8 6
8322 1639 -1 10
8330 189 10 8
8332 6423 8 7
8333 1592 6 5
8335 18641 8 7
8336 1639 -1 10
8344 189 6 4
8345 189 5 4
8352 707 4 3
8355 942 3 2
8364 74 10 9
8367 6423 4 3
8380 2930 6 5
8388 5 7 6
8389 1639 10 9
8394 8289 7 6
8395 14170 6 5
8398 8289 10 9
8404 3341 9 8
8410 143 -1 10
8419 7111 9 8
8420 1639 9 7
8432 486 9 7
8433 189 7 6
8440 707 10 9
8454 486 -1 10
8456 7893 9 8
8459 7262 10 9
8460 486 9 8
8460 1639 -1 10
8479 189 -1 10
8481 1639 8 7
8482 9601 6 5
8491 189 4 3
8498 143 8 7
8507 942 4 3
8508 13696 6 5
8514 18147 6 5
8529 1639 -1 10
8536 9917 7 6
8543 1639 6 5
8552 1639 7 6
8569 2930 5 4
8577 74 5 4
8579 9925 4 3
8594 1137 8 7
8594 1639 9 8
8596 1639 10 7
8599 1639 6 5
8606 5881 10 9
8610 486 4 3
8610 1151 10 9
8619 1639 7 6
8636 1639 10 9
8638 15491 9 8
8639 5014 9 8
8647 143 9 7
8647 20265 10 9
8654 707 5 4
8668 15995 3 2
8669 189 4 3
8671 7262 6 5
8672 9925 6 5
8672 8115 -1 10
8673 16807 5 4
8675 447 -1 9
8675 1639 -1 10
8706 1639 4 3
8709 189 -1 10
8710 12725 -1 10
8715 143 -1 10
8722 19059 9 8
8723 17298 9 8
8726 1639 6 5
8744 4132 3 2
8749 17298 9 8
8751 2064 8 7
8752 7893 3 2
8752 5881 6 5
8753 15995 -1 10
8757 1137 5 4
8759 189 -1 10
8761 1639 4 3
8763 7208 10 9
8768 1639 8 7
8773 20265 8 7
8780 9917 9 8
8783 3799 9 8
8790 10093 -1 10
8791 942 10 8
8797 20265 9 8
8810 306 8 7
8812 189 -1 10
8816 447 10 9
8821 13427 6 5
8826 17298 -1 10
8837 189 -1 10
8838 189 5 4
8841 11861 -1 10
8846 74 10 9
8850 1639 10 9
8858 1639 10 9
8860 1639 10 9
8865 161 9 8
8869 189 -1 10
8875 1639 5 4
8883 6423 6 5
8884 143 6 5
8886 486 -1 9
8890 1639 10 9
8899 7262 10 9
8903 20539 10 9
8904 1639 5 4
8908 10093 4 3
8908 189 -1 10
8923 707 -1 10
8924 1639 8 7
8938 1639 7 6
8940 11719 9 8
8940 2930 -1 10
8960 922 6 5
8965 13685 10 9
8969 17298 10 9
8974 8237 -1 10
8985 189 9 8
8986 143 -1 10
8996 5881 8 7
9000 486 5 4
9001 7262 2 1
9006 5826 7 6
9007 19973 5 4
9012 143 7 6
9030 14891 -1 10
9031 19973 -1 10
9035 1291 -1 10
9038 143 5 3
9055 17298 4 3
9056 17298 2 1
9057 447 10 9
9058 189 -1 10
9065 189 10 9
9066 1639 9 8
9067 1639 -1 10
9069 364 10 9
9070 17618 -1 10
9073 1592 9 8
9075 17618 -1 10
9090 143 6 5
9091 1639 7 6
9093 13685 7 6
9096 74 -1 10
9097 942 -1 10
9099 74 7 5
9099 143 10 9
9103 74 8 7
9108 1639 -1 10
9110 7893 3 2
9117 2930 9 8
9120 9917 9 8
9122 1592 8 7
9123 942 6 5
9139 1151 8 7
9159 74 10 9
9175 7143 4 3
9181 1639 9 7
9186 1639 9 8
9193 1639 3 2
9199 1639 9 8
9205 189 7 6
9206 143 7 6
9206 189 10 8
9211 13685 9 8
9228 1639 5 4
9233 659 6 5
9240 1639 7 6
9247 189 10 9
9265 707 6 4
9266 189 8 7
9268 74 7 6
9269 13912 5 4
9272 20265 7 6
9278 1639 -1 10
9300 447 -1 10
9302 2930 6 5
9311 7262 9 8
9320 1639 2 1
9323 19658 -1 10
9335 6531 6 5
9349 9917 4 3
9364 447 9 7
9368 2851 8 7
9374 9917 4 3
9380 17374 5 4
9384 14891 -1 10
9404 2930 5 4
9409 8289 9 8
9414 1639 -1 10
9418 1639 8 7
9423 707 9 8
9424 143 10 9
9438 942 8 7
9448 1639 9 7
9452 219 7 6
9454 189 3 2
9456 143 4 3
9464 1639 9 8
9469 1639 4 3
9476 1639 7 6
9477 1528 -1 10
9484 1639 8 7
9487 189 4 3
9490 2930 10 9
9492 1151 9 8
9499 1137 10 9
9501 74 10 9
9505 18387 -1 10
9506 7006 7 6
9509 707 -1 10
9514 2930 5 4
9516 15995 -1 10
9517 12630 -1 10
9518 1592 10 9
9521 143 8 7
9526 1639 7 6
9527 10384 9 8
9556 12630 10 9
9561 189 10 8
9571 486 -1 10
9579 189 7 6
9593 364 -1 9
9595 19973 4 3
9603 707 7 5
9615 1639 7 6
9619 2851 8 7
9623 8115 4 3
9623 10746 10 9
9644 16020 9 8
9655 380 -1 10
9661 51 7 6
9667 1639 -1 10
9672 20539 -1 10
9683 1639 -1 10
9692 8176 8 7
9697 19973 8 7
9700 7175 7 6
9701 20265 5 4
9708 8289 4 3
9714 380 -1 10
9723 10258 3 2
9731 20265 7 6
9749 74 10 9
9751 1216 4 3
9775 1639 9 8
9781 189 10 9
9782 1639 -1 9
9790 12283 6 5
9794 1639 5 4
9814 1639 -1 10
9824 2851 10 9
9825 6263 9 8
9827 143 7 5
9831 13912 -1 10
9835 74 9 8
9867 189 10 9
9868 447 5 4
9874 9601 8 7
9880 17410 9 8
9887 1639 -1 10
9898 1639 9 5
9902 17298 7 6
9921 707 2 1
9921 20540 7 6
9922 8115 6 5
9926 1639 8 7
9928 1137 8 7
9931 15543 3 2
9948 6263 -1 10
9956 9601 7 6
9961 380 -1 10
9962 380 7 6
9973 1291 10 9
9993 5881 -1 10
9999 15543 10 9
10002 1639 7 6
10004 17298 10 9
10015 18147 -1 10
10021 15995 2 1
10028 1639 6 5
10031 14891 9 8
10032 14096 -1 10
10042 1639 3 2
10045 1216 10 9
10051 1639 9 8
10054 922 -1 10
10068 143 4 3
10072 1639 7 6
10077 3799 7 6
10089 16807 8 7
10092 17410 10 9
10093 11324 10 9
10094 2930 -1 10
10104 1639 7 6
10114 14891 7 6
10115 1639 7 6
10125 1639 9 8
10133 4556 7 6
10139 16807 -1 10
10147 12630 -1 10
10148 2851 -1 10
10178 707 -1 9
10179 5826 8 7
10180 7208 9 8
10185 2930 3 2
10187 15995 3 2
10191 13685 3 2
10194 1639 -1 9
10195 942 8 7
10197 1639 -1 9
10198 143 -1 10
10200 74 8 7
10209 2930 8 7
10220 942 4 3
10227 11769 8 7
10229 970 6 5
10230 1639 5 4
10236 7262 2 1
10238 19973 8 7
10245 1639 5 4
10245 189 7 6
10247 143 9 8
10249 1151 7 6
10251 707 6 4
10255 15486 9 8
10256 7893 5 4
10275 707 -1 9
10277 1639 3 2
10277 143 8 7
10279 16807 8 7
10280 1639 10 9
10285 1639 6 3
10296 143 8 7
10297 1639 7 6
10306 189 4 3
10319 486 3 2
10324 1639 -1 10
10325 1639 4 3
10331 1639 -1 9
10348 1639 7 6
10350 13912 10 9
10353 17298 -1 10
10361 189 -1 10
10370 15543 6 5
10375 15995 9 8
10384 1639 9 8
10389 922 10 9
10391 3799 7 6
10392 8115 7 6
10403 3799 10 9
10407 2930 -1 10
10410 17298 5 4
10416 1639 -1 9
10434 1639 6 5
10442 7999 10 9
10444 15543 9 8
10454 1639 4 3
10454 5826 -1 10
10457 189 -1 9
10472 1639 9 8
10476 5881 4 3
10480 2930 6 5
10480 8176 8 7
10484 2930 6 5
10490 1639 8 7
10512 143 9 8
10533 1002 8 7
10536 4060 6 5
10542 14891 7 6
10550 8289 10 9
10552 707 9 7
10555 942 6 5
10555 1639 8 6
10580 1639 10 9
10581 1639 5 4
10588 5881 10 9
10592 2930 5 4
10600 13427 -1 10
10601 6423 10 9
10603 15831 5 4
10610 13092 7 6
10616 942 9 8
10620 922 10 9
10622 9925 5 4
10628 74 10 9
10631 189 7 6
10652 74 9 8
10655 1639 10 9
10658 189 3 1
10662 942 9 8
10662 7893 10 9
10667 942 10 9
10676 1639 10 9
10679 1639 10 9
10686 143 8 7
10689 143 9 8
10693 7006 -1 10
10697 7262 9 8
10715 1639 8 7
10720 1639 6 5
10720 57 10 9
10725 1639 8 6
10731 14891 -1 10
10743 1639 -1 10
10750 1639 8 7
10763 20265 9 8
10768 189 8 7
10775 707 5 4
10786 942 3 2
10786 20265 10 9
10798 1639 3 2
10801 707 8 7
10804 1639 8 7
10806 17298 5 4
10816 189 2 1
10820 17374 9 8
10822 9917 7 6
10824 1639 9 8
10828 189 9 8
10829 1639 9 8
10837 7262 2 1
10839 942 4 3
10843 74 6 5
10847 1639 8 7
10847 942 -1 10
10851 9925 5 4
10854 1639 -1 9
10854 143 -1 10
10858 8115 9 8
10861 17423 7 6
10882 1639 4 3
10893 707 10 9
10901 225 9 8
10910 5881 7 6
10911 1639 3 1
10914 19973 -1 10
10925 7262 6 5
10932 486 10 9
10936 189 9 8
10938 17374 7 6
10940 19025 6 5
10950 1639 8 7
10957 9601 -1 10
10959 189 6 4
10960 14891 -1 10
10967 17618 -1 10
10969 1639 7 6
10974 1639 6 5
10979 18401 7 6
10998 707 8 6
11025 380 4 3
11036 707 -1 7
11040 10093 9 8
11043 189 -1 8
11044 6443 9 8
11064 1639 4 3
11068 1639 -1 9
11073 143 -1 9
11075 15543 2 1
11080 1639 10 9
11092 12805 10 9
11096 2930 7 6
11110 2930 4 3
11121 143 7 6
11124 189 7 6
11138 17410 6 5
11144 11767 8 7
11145 1639 4 3
11150 13685 5 4
11156 1639 6 5
11161 16807 10 9
11165 2930 -1 9
11169 74 10 8
11182 1639 9 8
11196 189 6 5
11216 7006 10 9
11219 19973 7 6
11238 74 8 7
11239 1592 8 7
11240 1639 2 1
11242 707 7 5
11250 143 6 4
11253 16807 8 7
11258 20265 5 4
11260 486 10 8
11288 707 -1 10
11290 1639 10 9
11299 74 -1 10
11324 10258 10 9
11326 2930 6 4
11335 1639 -1 10
11341 20540 9 8
11346 18147 8 7
11348 1639 10 9
11383 9917 4 3
11397 1639 6 4
11401 189 8 7
11415 1592 6 5
11415 6263 10 9
11417 2851 6 5
11419 707 7 6
11426 1639 8 7
11427 15995 7 6
11434 74 4 3
11446 161 6 5
11448 707 8 7
11457 74 10 9
11475 143 5 4
11485 189 7 6
11487 922 10 9
11499 486 10 8
11508 707 7 6
11512 6423 10 9
11528 7006 4 3
11537 380 2 1
11541 1639 4 3
11543 1639 -1 10
11550 143 9 8
11553 19892 10 9
11557 942 8 7
11586 143 8 7
11588 1639 10 9
11597 74 5 4
11614 1639 10 9
11618 486 9 8
11621 189 8 7
11631 364 10 9
11649 9601 7 6
11655 1639 4 3
11655 189 6 5
11663 143 5 4
11663 7006 -1 10
11667 143 7 6
11675 9601 6 5
11699 707 -1 10
11701 1639 10 9
11704 143 5 4
11705 8115 -1 10
11708 9925 9 8
11717 2930 9 8
11719 9925 4 3
11721 1639 3 2
11723 189 6 5
11724 1639 9 8
11726 922 9 8
11728 1639 6 5
11735 1639 4 3
11737 942 -1 10
11738 7893 10 9
11743 1639 4 3
11745 189 8 7
11746 1639 10 8
11758 1639 10 9
11759 14248 7 6
11763 1639 4 3
11770 17618 6 5
11774 2851 6 5
11790 7262 2 1
11791 2930 6 5
11796 1639 8 7
11812 15995 9 8
11816 189 -1 9
11821 143 7 6
11827 18505 -1 10
11850 1802 5 4
11854 1639 6 5
11875 143 6 5
11880 1639 8 7
11894 143 4 3
11902 219 10 9
11910 19012 -1 10
11913 1639 8 7
11927 1639 7 6
11930 16414 7 6
11941 17298 10 9
11947 9601 6 5
11950 219 9 8
11954 942 6 5
11954 1639 -1 10
11995 1639 6 5
12002 1639 10 9
12026 74 8 7
12027 2930 9 8
12031 2930 -1 10
12033 942 10 9
12045 7006 10 9
12054 17298 2 1
12054 9917 8 7
12055 17298 5 4
12061 143 4 3
12064 74 4 3
12071 74 4 3
12076 17298 5 4
12086 380 -1 10
12090 2930 7 6
12094 74 -1 10
12095 486 7 5
12105 7262 7 6
12105 20265 8 7
12105 7893 9 8
12105 19049 10 9
12105 10093 -1 10
12114 74 10 9
12124 1639 4 2
12136 15486 5 4
12136 15002 -1 10
12142 1639 10 9
12159 17298 5 4
12168 1639 3 2
12178 707 9 8
12204 5881 5 4
12204 707 -1 10
12210 707 -1 10
12212 1639 6 5
12226 1639 10 9
12229 7006 10 9
12233 74 3 2
12241 189 9 8
12243 189 -1 10
12244 970 -1 10
12248 380 7 6
12254 1639 7 6
12258 1528 8 7
12263 1639 3 2
12278 12725 -1 10
12283 1639 4 3
12292 189 5 3
12301 189 10 9
12315 1639 8 6
12321 9641 5 4
12321 17298 6 5
12321 4515 7 6
12321 5327 8 7
12321 19059 9 8
12321 12669 10 9
12321 14926 -1 10
12322 8115 6 5
12327 5881 4 3
12328 10093 10 9
12330 14038 -1 10
12337 17391 10 9
12342 143 6 4
12345 9917 7 6
12348 17298 9 8
12357 1525 -1 10
12373 16319 9 8
12384 1639 5 4
12384 14170 7 6
12392 1639 -1 10
12424 1639 2 1
12429 20265 7 6
12435 2930 3 2
12441 1639 5 4
12442 143 4 3
12464 7332 8 7
12466 797 10 9
12473 1639 5 4
12477 1639 7 6
12480 1639 -1 10
12482 74 3 2
12490 15995 10 9
12496 942 7 6
12503 17298 -1 10
12510 707 7 6
12528 1639 4 3
12531 189 6 5
12536 19973 5 4
12537 2327 -1 10
12539 7006 10 9
12543 1639 -1 10
12549 1291 9 8
12551 1639 -1 10
12557 12674 8 7
12565 19973 6 5
12577 19049 7 6
12591 942 -1 10
12594 1639 4 2
12599 942 4 3
12600 10384 -1 10
12603 10093 -1 10
12605 19973 6 5
12619 380 -1 10
12621 1027 -1 10
12625 11767 9 8
12636 9917 6 5
12638 18496 8 7
12640 1639 8 7
12647 2658 9 8
12648 1592 6 5
12648 6032 10 9
12650 189 8 7
12658 1639 9 8
12661 942 5 4
12661 11861 9 8
12667 1639 5 4
12673 189 9 8
12675 17298 7 6
12676 707 10 9
12678 1639 10 9
12699 1639 7 6
12707 189 8 7
12720 74 8 7
12728 707 -1 8
12733 942 4 3
12746 19973 4 3
12751 16414 5 4
12755 19060 -1 10
12761 1639 8 7
12766 143 8 7
12772 3134 8 7
12777 17298 4 3
12779 7006 -1 10
12785 212 -1 10
12790 707 6 4
12791 20265 2 1
12804 219 -1 10
12809 893 6 5
12819 1639 5 4
12822 189 -1 10
12836 9925 -1 10
12837 1639 5 4
12851 1639 10 9
12854 1639 3 2
12860 1525 10 9
12865 11719 4 3
12869 1639 -1 10
12872 486 -1 10
12882 1639 -1 10
12886 1151 4 3
12888 189 5 4
12889 8289 8 7
12890 189 9 8
12892 7262 6 5
12892 659 -1 10
12893 7262 10 9
12897 707 6 4
12897 1639 10 9
12903 189 8 7
12906 1639 4 3
12908 14170 10 9
12915 5881 3 2
12919 4060 9 8
12924 1639 9 8
12927 1639 10 9
12930 17618 -1 10
12939 1639 9 8
12947 19973 6 5
12956 364 9 7
12960 143 4 3
12965 1639 9 8
12976 12630 4 3
12985 17410 9 8
12986 7262 9 8
12994 19973 -1 10
12996 15995 10 9
12998 74 10 9
12999 20265 5 4
13001 51 3 2
13005 447 10 9
13008 340 -1 10
13013 2327 10 9
13036 189 10 9
13057 1639 9 8
13067 2930 9 8
13075 17298 10 9
13077 74 8 7
13083 20041 6 5
13088 707 8 7
13090 6443 4 3
13092 1639 2 1
13093 1151 5 4
13099 942 5 4
13105 1639 8 7
13108 1639 8 7
13108 707 10 9
13112 16807 6 5
13116 4648 9 8
13124 189 6 4
13125 2775 2 1
13125 3799 3 2
13132 143 7 6
13135 380 4 3
13138 189 -1 10
13141 1639 7 6
13147 6531 7 6
13149 189 5 3
13163 74 -1 10
13164 7893 5 4
13171 707 7 6
13171 1137 10 9
13178 1592 9 8
13179 189 10 9
13180 1639 9 7
13182 2851 8 7
13184 1639 2 1
13194 69 9 8
13195 17618 9 8
13196 486 5 4
13202 1639 8 7
13204 15995 -1 10
13215 1639 8 7
13219 18505 10 9
13223 15831 4 3
13252 942 8 7
13253 74 10 9
13262 5857 -1 10
13270 2930 3 2
13271 1639 10 9
13273 189 3 2
13276 970 -1 10
13294 1291 9 7
13300 19293 5 4
13317 11662 10 9
13331 1639 -1 9
13333 1639 4 2
13340 189 5 4
13344 447 8 7
13349 1639 8 6
13349 8115 10 9
13357 13265 9 8
13364 17298 9 8
13365 9917 6 5
13371 1639 -1 10
13372 143 9 8
13376 20265 5 4
13384 16020 8 7
13387 74 -1 10
13388 189 6 5
13388 2930 -1 10
13398 5 4 3
13419 143 4 3
13431 1639 5 4
13436 922 9 8
13438 9917 9 8
13445 707 10 9
13446 707 9 8
13454 1639 5 4
13457 14891 10 9
13463 1639 9 8
13470 942 7 6
13474 8115 2 1
13475 1592 8 7
13476 1747 8 7
13480 447 7 6
13484 189 7 5
13492 189 6 5
13493 707 5 4
13496 1639 8 6
13501 9925 9 8
13503 1639 10 9
13507 18147 -1 10
13512 1639 7 6
13518 5826 -1 10
13556 1639 3 2
13558 5881 9 8
13573 3799 10 9
13574 17920 -1 10
13575 17298 6 5
13576 189 3 2
13594 1639 -1 10
13596 447 10 9
13603 1639 -1 9
13604 11970 10 9
13607 18641 -1 10
13639 1151 8 7
13642 2930 10 9
13644 14891 5 4
13644 1639 7 6
13649 12630 7 6
13649 143 9 8
13650 1639 7 6
13654 17618 8 7
13658 17298 4 3
13665 397 -1 10
13714 12674 -1 10
13717 189 8 7
13718 659 10 9
13742 19973 2 1
13744 1639 8 7
13755 189 7 5
13762 1639 -1 10
13766 8115 10 8
13776 1151 8 7
13776 380 -1 10
13783 942 4 3
13789 1639 -1 10
13794 2930 4 3
13797 1639 5 4
13798 6443 -1 10
13801 486 5 4
13803 1639 10 9
13807 19025 10 9
13808 14248 10 9
13808 2327 -1 10
13813 189 -1 10
13824 1639 10 9
13826 74 -1 10
13828 942 -1 10
13833 447 -1 10
13836 1639 8 7
13845 7006 10 9
13857 380 2 1
13857 942 7 6
13864 1298 10 9
13875 18401 8 7
13891 707 -1 9
13893 143 2 1
13897 18401 8 7
13898 707 10 8
13899 1639 10 9
13917 14170 7 6
13940 12338 6 5
13949 1639 5 4
13954 9917 9 8
13954 1639 -1 10
13958 1639 7 6
13965 143 5 3
13965 1528 -1 10
13981 707 9 7
13993 1137 9 8
14004 942 4 3
14008 2930 7 6
14013 707 7 5
14015 1151 -1 10
14021 12725 10 9
14030 10746 8 7
14035 1639 9 8
14039 7262 5 4
14046 1639 10 9
14058 189 5 3
14058 380 9 8
14061 189 5 4
14062 1216 9 8
14065 74 10 9
14074 2930 5 4
14091 74 -1 10
14099 1639 8 7
14100 1639 7 6
14101 707 7 6
14105 14038 9 8
14105 16020 10 9
14115 15491 7 6
14126 1639 5 4
14156 16807 -1 10
14166 707 8 7
14168 19307 -1 10
14169 1639 7 6
14170 8237 -1 10
14173 707 4 3
14179 74 4 3
14182 1639 3 2
14183 2851 5 4
14183 5881 8 7
14185 143 6 5
14191 189 -1 10
14192 1639 10 9
14211 2930 8 7
14217 1525 10 9
14220 942 4 3
14230 1525 7 6
14235 7006 -1 10
14236 1639 9 7
14237 18401 6 5
14238 659 8 7
14247 20265 9 8
14255 922 5 4
14255 9917 -1 10
14258 17298 3 2
14263 7893 4 3
14266 1639 4 3
14269 1639 3 2
14272 18147 7 6
14274 5881 4 3
14277 1639 9 8
14301 2924 8 7
14304 1639 -1 10
14305 1639 10 8
14307 5881 10 9
14308 14926 -1 10
14312 8115 6 5
14312 942 -1 10
14320 161 -1 10
14326 143 3 2
14328 8289 7 6
14334 3222 6 5
14342 9917 10 9
14346 1639 9 8
14349 7999 5 4
14353 942 10 9
14356 942 6 5
14356 189 -1 9
14358 1639 3 2
14359 2930 7 6
14361 1525 9 8
14363 3980 -1 10
14364 1639 7 5
14365 1639 3 2
14377 13850 8 7
14384 1639 -1 10
14402 143 10 9
14404 707 -1 10
14415 9601 -1 10
14419 707 -1 9
14439 707 7 6
14441 74 -1 10
14444 2930 9 8
14449 7111 5 4
14459 74 8 7
14466 2930 9 7
14471 7143 10 9
14472 19973 9 8
14473 17374 8 7
14481 970 10 9
14488 1639 8 7
14489 10093 -1 10
14493 13427 6 5
14493 7999 7 6
14497 1639 7 6
14498 1639 4 3
14514 4515 8 7
14516 15995 6 5
14531 189 10 8
14533 1216 -1 10
14536 74 6 5
14536 189 -1 10
14541 1639 6 5
14541 12462 -1 10
14554 5881 10 9
14560 942 10 9
14566 3799 10 9
14567 942 7 6
14567 18421 -1 9
14574 7262 9 8
14581 9917 9 8
14587 16714 9 8
14593 8289 6 5
14598 1639 10 9
14606 1639 4 3
14611 707 10 8
14615 1639 -1 10
14617 15491 -1 10
14625 2851 -1 10
14629 189 10 9
14630 20540 10 9
14634 17663 7 6
14641 19832 9 8
14648 14891 5 4
14652 8289 -1 10
14659 189 9 7
14667 17410 8 7
14671 1639 4 3
14672 9641 -1 10
14677 17298 -1 10
14681 1639 6 5
14681 15057 -1 10
14683 17618 -1 10
14685 1639 7 5
14688 161 8 7
14690 1639 -1 10
14703 2851 10 9
14707 18401 -1 10
14713 15486 8 7
14720 1639 6 4
14724 20265 4 3
14726 659 5 4
14730 20265 5 4
14736 143 9 6
14740 942 7 6
14740 1639 9 8
14754 74 6 5
14761 10889 10 9
14767 14248 10 9
14769 1639 9 8
14772 7893 7 6
14773 17298 10 9
14775 707 5 4
14777 143 9 8
14782 942 -1 10
14794 189 8 7
14799 20540 6 5
14805 8115 -1 10
14812 17298 2 1
14814 7208 7 6
14818 1639 2 1
14821 17298 -1 10
14826 1639 6 5
14839 2930 4 3
14845 143 7 6
14858 1639 4 3
14865 143 8 7
14870 1592 9 8
14871 9925 5 4
14871 707 -1 9
14872 1639 5 4
14872 2930 8 7
14879 5881 4 3
14880 1639 9 8
14885 10093 -1 10
14887 18147 7 6
14887 1639 9 8
14889 143 9 8
14890 143 4 3
14892 161 9 8
14892 14170 10 9
14893 74 4 3
14902 4515 7 6
14903 13696 8 6
14917 8115 -1 10
14933 189 9 8
14942 143 7 6
14943 219 -1 10
14951 143 4 3
14952 8289 10 9
14954 1639 7 6
14960 922 -1 10
14962 1639 8 7
14967 74 10 9
14973 1241 6 5
14983 942 2 1
14988 2930 8 7
14989 7006 4 3
14998 17391 7 6
15001 1639 -1 10
15008 9925 -1 10
15012 6423 10 9
15019 19892 -1 10
15030 380 5 4
15046 1639 -1 9
15047 143 7 6
15053 10384 10 9
15056 707 10 8
15057 1639 10 9
15061 4515 8 7
15089 2930 10 9
15094 1639 10 9
15095 1639 9 7
15096 2930 10 9
15108 942 10 9
15116 74 8 6
15128 1592 7 6
15141 8115 7 6
15144 1639 8 7
15146 17663 10 9
15148 1639 7 5
15149 74 8 7
15156 19973 8 7
15165 7262 6 5
15169 143 9 8
15177 1639 10 9
15178 1151 10 9
15181 1639 7 6
15186 1639 -1 10
15197 14891 10 9
15205 1639 9 8
15211 14248 9 8
15211 2930 10 9
15212 970 6 5
15216 1525 5 4
15220 1639 10 8
15221 1241 9 8
15223 9601 9 8
15227 161 9 8
15228 970 -1 10
15231 1639 5 4
15233 7208 -1 10
15235 942 9 8
15237 1639 9 7
15239 1639 10 9
15242 1639 8 6
15248 8115 8 7
15255 143 8 6
15268 7262 7 6
15276 7006 6 5
15280 189 3 2
15287 12462 8 7
15289 19025 -1 10
15292 74 2 1
15305 1639 3 2
15316 12462 10 9
15331 5881 4 3
15331 14170 7 6
15331 15995 10 9
15332 1639 7 6
15337 143 9 8
15338 1639 6 4
15339 1639 -1 9
15347 189 4 3
15349 4132 4 3
15357 1528 -1 10
15362 1639 9 8
15365 942 9 8
15372 1291 5 4
15374 1639 7 6
15383 942 -1 9
15386 189 3 2
15394 17298 3 2
15400 1639 3 2
15400 16414 -1 10
15402 3219 8 7
15407 143 9 6
15409 16020 9 7
15409 7893 10 9
15409 8221 -1 10
15411 74 2 1
15414 1639 9 7
15421 942 -1 10
15422 707 9 8
15427 12462 7 6
15438 2851 3 2
15440 1639 -1 10
15442 14170 6 5
15443 8115 5 4
15446 15543 7 6
15448 9601 5 4
15450 707 6 2
15454 1639 5 4
15455 20265 3 2
15457 143 4 3
15470 143 5 4
15477 9601 6 5
15477 707 10 9
15479 74 -1 10
15481 74 8 7
15489 20539 6 5
15491 1639 7 5
15491 16807 -1 10
15498 1216 7 6
15528 19973 10 9
15549 189 9 8
15551 922 10 8
15555 1639 10 9
15557 7143 6 5
15557 17663 7 6
15557 8115 8 7
15557 3799 10 8
15557 13427 -1 10
15562 1639 -1 10
15567 1525 8 7
15568 189 10 9
15584 1639 10 8
15585 970 6 5
15601 9925 9 8
15618 1639 -1 10
15625 19892 6 5
15626 7262 3 2
15642 486 -1 8
15646 14248 8 7
15646 5881 9 8
15646 15995 10 9
15646 12462 -1 10
15656 1639 7 6
15670 143 5 4
15670 1639 -1 9
15676 707 4 3
15682 143 7 6
15691 1639 10 9
15704 1639 9 7
15708 2930 7 6
15708 2851 -1 10
15719 14170 9 8
15719 1639 -1 10
15722 2930 7 6
15730 189 7 6
15737 12725 10 9
15743 189 9 6
15748 6423 8 7
15758 19060 10 9
15762 189 7 6
15770 1639 9 8
15776 189 6 5
15777 15831 8 7
15780 10746 9 8
15783 74 10 9
15785 942 6 5
15789 12462 7 6
15797 74 -1 10
15799 11769 9 8
15801 1525 -1 10
15806 51 -1 10
15817 189 -1 10
15822 189 10 9
15827 10093 4 3
15827 17298 8 7
15828 189 4 3
15831 942 7 6
15832 893 10 9
15839 20265 10 9
15843 707 6 4
15843 1639 9 8
15852 20265 9 8
15853 19025 6 5
15862 17298 -1 10
15869 1639 8 7
15871 143 9 8
15877 447 -1 10
15879 707 5 4
15900 1639 7 6
15907 707 7 5
15910 7262 3 2
15910 189 4 3
15910 9601 5 4
15910 12462 6 5
15910 8570 7 6
15910 17410 8 7
15910 9917 9 8
15910 10093 10 9
15910 2851 -1 10
15913 74 3 2
15916 1639 9 6
15918 707 9 8
15927 1639 6 5
15930 9601 6 5
15934 707 4 3
15945 447 -1 10
15946 1639 -1 10
15951 5881 6 5
15953 18147 6 5
15954 74 6 5
15956 486 9 7
15959 2953 10 9
15965 10746 8 7
15966 1639 4 3
15968 942 9 7
15971 12630 10 9
15973 5 -1 10
15984 1291 10 9
16015 1639 6 5
16023 5881 10 9
16032 2930 6 5
16040 1002 6 5
16043 18147 9 8
16048 10746 3 2
16048 15543 4 3
16048 7143 5 4
16048 8115 6 5
16048 4515 7 6
16048 8289 8 7
16048 3341 9 8
16048 17298 10 9
16048 15057 -1 10
16053 8176 9 8
16066 18387 8 7
16072 74 6 4
16074 1525 -1 10
16081 10746 9 8
16093 189 9 8
16103 14926 -1 10
16109 9641 8 7
16119 1639 8 7
16135 15637 10 9
16141 74 2 1
16143 659 5 4
16143 1528 10 9
16151 486 -1 10
16155 942 6 5
16161 74 7 6
16167 1639 6 5
16175 707 2 1
16175 1639 8 7
16180 7006 8 7
16181 19973 9 8
16184 1639 8 7
16190 1639 5 4
16203 143 4 3
16207 707 8 7
16207 1137 -1 10
16215 7006 6 5
16215 18496 9 8
16215 14170 10 9
16219 189 7 6
16221 1639 4 2
16223 1639 4 3
16234 5881 8 7
16235 74 -1 10
16240 2930 7 6
16241 1639 5 4
16242 942 9 8
16252 2930 9 8
16258 14891 5 4
16262 1639 -1 10
16267 189 -1 9
16279 18147 3 2
16318 14891 7 6
16320 19958 8 7
16323 2930 9 8
16333 74 6 5
16338 17374 10 9
16341 74 8 7
16344 189 7 6
16362 74 3 2
16373 9917 6 5
16375 1639 10 9
16394 20539 7 6
16399 74 5 4
16404 189 6 4
16425 17298 8 7
16435 18387 5 4
16438 1592 8 7
16440 380 8 7
16441 13834 6 5
16445 189 9 8
16461 143 2 1
16462 13912 7 6
16469 942 8 7
16483 189 5 3
16484 20539 6 5
16491 1151 5 4
16493 447 7 6
16494 17298 10 9
16507 1639 10 9
16525 1639 7 6
16525 20265 9 8
16537 14248 7 6
16542 11767 4 3
16572 189 7 6
16575 11687 8 7
16577 189 -1 10
16578 17298 3 2
16592 1639 8 6
16600 143 -1 9
16611 1639 -1 10
16620 1639 7 6
16620 707 -1 8
16621 1802 -1 10
16623 707 4 2
16624 17298 3 2
16626 189 -1 10
16632 14891 4 3
16633 1639 -1 10
16643 1639 9 8
16647 74 -1 10
16652 9917 5 4
16655 447 6 5
16657 1639 3 2
16658 1639 7 6
16658 7262 9 8
16665 5881 -1 10
16672 4060 9 8
16683 1639 7 6
16684 11861 9 8
16694 7262 5 4
16696 1639 4 3
16703 2064 9 8
16707 8115 3 2
16710 143 8 7
16722 1639 3 2
16727 380 10 9
16728 20540 7 6
16735 2851 7 6
16738 7999 9 8
16743 2930 3 2
16757 1639 3 2
16758 707 9 8
16764 143 -1 10
16773 942 7 6
16776 2327 8 7
16776 143 -1 10
16783 2930 10 9
16789 7262 8 7
16796 189 7 6
16801 16020 9 8
16807 14891 5 4
16822 1639 5 4
16824 1639 5 4
16833 143 10 9
16849 7262 5 4
16849 19973 6 5
16857 18641 -1 10
16863 17298 9 8
16884 189 6 5
16889 5881 5 4
16897 1639 5 4
16898 7262 7 6
16899 8115 7 6
16900 2930 3 2
16903 486 -1 9
16911 1639 2 1
16923 7111 9 8
16939 2851 4 3
16945 1639 5 4
16947 1137 5 4
16961 17298 10 9
16962 1639 10 9
16968 922 8 7
16973 7262 9 8
16977 74 -1 10
16978 447 7 5
16978 8289 9 8
16987 189 9 8
16989 942 8 7
16991 143 3 2
16993 1151 -1 10
16995 17298 5 4
16996 970 9 8
16998 74 9 7
17004 2851 -1 10
17008 1639 10 8
17009 6443 -1 10
17010 16020 9 8
17022 143 10 9
17025 10384 8 7
17028 1639 10 9
17037 16807 7 6
17041 1639 6 5
17045 9917 7 6
17047 4515 8 7
17051 15995 10 9
17053 19973 -1 10
17058 189 9 8
17059 189 4 3
17061 143 -1 10
17067 74 4 3
17068 189 7 6
17072 18496 5 4
17077 447 7 6
17078 942 5 4
17085 380 6 5
17088 5111 -1 10
17089 10093 8 7
17093 1639 5 4
17099 12674 5 4
17106 707 6 3
17116 17298 2 1
17133 1639 5 4
17146 1639 -1 10
17148 707 7 6
17168 189 -1 10
17169 1639 6 5
17170 1639 8 7
17173 1639 10 8
17174 1639 9 7
17179 189 9 8
17188 189 4 3
17189 4132 6 5
17201 17298 8 7
17205 189 -1 10
17210 1639 4 3
17222 143 5 4
17224 14891 8 7
17229 942 9 8
17231 143 8 7
17240 143 8 7
17245 2930 2 1
17250 17663 -1 10
17259 5881 7 6
17259 20265 -1 10
17260 20265 5 4
17275 16807 5 4
17277 1639 8 6
17303 143 7 5
17307 143 8 6
17317 19973 10 9
17322 143 10 9
17327 8115 4 3
17334 659 4 3
17345 1639 6 5
17345 5072 8 7
17353 1639 -1 10
17365 20265 7 6
17367 17410 -1 10
17368 74 8 7
17372 1639 6 5
17383 1802 7 6
17385 1639 10 9
17393 1592 9 8
17411 18641 7 6
17416 189 5 4
17422 2327 9 8
17423 18191 7 6
17425 15491 6 5
17427 1639 4 3
17427 18421 10 9
17434 20265 6 5
17434 219 10 9
17437 1639 8 7
17441 14891 7 6
17447 18861 7 6
17450 5881 7 6
17453 1639 6 5
17457 143 8 7
17465 1639 -1 10
17470 942 5 3
17484 10746 4 3
17495 1639 -1 9
17505 2930 4 3
17518 1639 -1 8
17522 143 5 4
17525 161 9 8
17528 189 4 3
17530 942 9 7
17539 970 10 9
17554 1639 5 4
17555 1639 2 1
17560 143 7 5
17562 1639 5 4
17569 1639 6 5
17576 15995 7 6
17581 7262 6 5
17588 364 7 6
17600 2851 7 6
17607 447 8 6
17612 18401 8 7
17616 6146 8 7
17616 9917 9 8
17616 6423 10 9
17616 15995 -1 10
17620 1639 2 1
17627 707 9 7
17627 12391 10 9
17630 447 7 5
17651 5 6 5
17656 380 9 8
17662 1639 10 8
17663 15002 9 8
17667 1639 3 2
17668 1639 6 5
17675 189 8 7
17680 9927 -1 10
17681 19658 -1 10
17684 18048 -1 10
17698 8115 2 1
17700 1639 4 3
17715 1639 5 4
17716 1639 5 4
17728 1639 4 3
17730 5881 6 5
17730 74 9 7
17754 74 6 5
17755 1639 4 3
17761 970 -1 10
17769 5826 6 5
17771 1639 10 9
17781 247 10 9
17794 17298 8 7
17799 1291 10 9
17800 17663 -1 10
17803 1639 7 5
17809 1639 8 7
17814 19658 10 9
17819 384 7 6
17837 1639 3 2
17859 1639 7 6
17861 14248 8 7
17862 143 4 3
17864 1639 7 5
17893 707 -1 10
17895 380 -1 10
17899 143 6 5
17901 1639 10 9
17904 11767 -1 9
17906 1639 7 6
17908 1639 8 7
17916 1639 4 3
17930 1639 8 7
17932 1639 -1 9
17935 1639 6 5
17935 5881 -1 10
17939 189 4 3
17943 1525 6 5
17950 1639 9 8
17953 74 3 2
17954 707 4 3
17957 143 7 6
17970 161 4 3
17974 1639 -1 10
17975 1639 10 9
17977 9396 8 7
17982 1639 9 8
17986 1639 8 7
17989 15637 10 9
17991 5881 10 9
18009 942 7 6
18010 8289 -1 10
18029 5369 10 9
18030 707 9 8
18033 16807 8 7
18041 3799 6 5
18052 707 10 9
18064 1639 8 7
18066 1639 7 5
18068 893 8 7
18070 17298 6 5
18076 1639 9 7
18080 12630 3 2
18109 1639 -1 10
18110 1639 10 9
18111 13685 10 9
18112 1592 6 5
18119 189 5 4
18128 17410 3 2
18134 1639 -1 10
18140 74 -1 10
18146 942 -1 10
18150 74 8 7
18151 5881 10 9
18159 12805 9 8
18160 1639 -1 10
18181 7262 8 7
18189 5826 -1 10
18209 18147 4 3
18219 17410 9 8
18235 1639 10 8
18245 1639 10 9
18251 7006 10 9
18264 1639 7 6
18281 20265 6 5
18286 1639 2 1
18288 74 2 1
18303 143 -1 10
18307 9925 3 2
18315 189 9 8
18320 17298 7 6
18332 707 -1 8
18333 6443 6 5
18342 1639 3 2
18346 1525 -1 10
18350 1639 -1 10
18355 942 4 3
18355 380 8 7
18360 2327 10 9
18362 15995 7 6
18382 7262 7 6
18387 9641 7 6
18388 189 4 3
18391 1802 -1 10
18393 707 10 9
18401 17410 7 6
18408 1639 10 8
18411 17374 6 5
18419 7262 2 1
18425 20265 6 5
18434 74 6 4
18440 7262 5 4
18444 486 9 6
18447 1639 5 4
18451 11769 3 2
18459 1525 -1 10
18460 16807 5 4
18468 1639 7 6
18471 189 4 3
18475 18147 9 8
18477 486 -1 10
18488 219 8 7
18489 2930 8 7
18495 942 4 3
18511 19973 6 5
18525 1639 9 8
18536 8289 4 3
18541 17374 8 7
18551 19973 8 7
18555 1639 7 6
18559 11694 10 9
18574 9601 -1 10
18579 189 6 5
18584 8339 8 7
18585 20265 5 4
18595 1639 9 8
18610 6129 -1 10
18612 1525 8 7
18614 15995 7 6
18618 143 8 6
18627 10746 8 7
18629 1639 7 6
18631 2930 6 5
18635 1639 8 7
18640 7494 10 9
18657 1639 -1 10
18660 1639 10 9
18664 143 -1 9
18666 3799 3 2
18675 8115 7 6
18675 7262 10 9
18682 4515 10 9
18687 5826 6 5
18694 942 -1 9
18696 1639 -1 10
18710 1639 5 4
18716 189 8 7
18717 74 6 5
18718 189 3 2
18725 942 7 6
18727 19662 8 7
18728 18147 3 2
18729 1639 9 7
18729 143 10 8
18732 707 -1 10
18733 1639 6 4
18741 1639 -1 9
18745 19973 5 4
18745 13685 6 5
18749 19973 8 7
18754 1528 3 2
18756 7893 7 6
18775 364 9 7
18778 1639 10 9
18792 16414 8 7
18796 1639 8 7
18799 922 -1 10
18802 15637 6 5
18810 942 6 5
18815 14891 7 6
18829 143 7 6
18838 1639 5 4
18844 9601 5 4
18848 8176 -1 10
18853 1639 10 9
18856 1639 9 8
18872 189 8 7
18879 17298 3 2
18883 143 7 6
18886 143 8 7
18889 15831 -1 10
18893 1639 5 4
18899 659 9 8
18904 20540 9 8
18920 10093 7 6
18920 189 -1 10
18922 143 9 8
18930 17298 7 6
18938 20265 10 9
18940 2930 7 6
18942 942 -1 9
18947 143 3 2
18955 1639 4 3
18957 1639 -1 10
18958 3799 8 7
18960 1639 10 9
18963 1639 6 5
18967 942 -1 10
18969 1639 7 5
18971 1639 4 3
18975 7332 -1 10
18982 2851 9 8
18984 12630 8 7
18991 189 6 5
18996 1639 -1 10
18997 1137 8 7
18997 1639 -1 10
19007 1639 10 9
19009 942 8 6
19019 942 5 4
19019 1639 7 6
19020 1525 10 8
19031 1639 4 3
19034 6423 4 3
19045 1639 10 9
19053 942 6 5
19054 1639 9 7
19058 11662 -1 10
19059 1639 -1 9
19060 1639 -1 10
19061 7893 10 9
19071 970 9 8
19075 2930 -1 10
19079 1639 7 5
19080 1639 5 4
19088 1639 -1 10
19089 9917 -1 10
19094 143 6 5
19096 942 8 7
19097 161 9 8
19098 1639 8 7
19114 2930 4 3
19117 2930 8 7
19133 1639 5 4
19136 1639 7 6
19139 143 9 8
19141 189 8 7
19143 4515 9 8
19154 942 -1 10
19158 659 2 1
19174 18387 10 9
19177 18401 -1 10
19181 5826 10 9
19199 189 10 9
19201 18401 9 8
19203 1639 9 7
19210 486 3 2
19211 1639 10 9
19220 14170 8 7
19224 707 6 5
19231 1639 2 1
19234 1639 2 1
19244 1639 -1 10
19253 1592 10 9
19256 1639 2 1
19264 1639 9 7
19267 707 -1 10
19280 1592 4 3
19286 19973 9 8
19289 20265 3 2
19295 1639 4 3
19312 3799 9 8
19313 1639 9 8
19314 1639 10 8
19315 15995 5 4
19315 9601 6 5
19315 17298 9 8
19320 942 8 7
19326 74 3 2
19327 11719 10 9
19339 189 3 2
19341 7893 7 6
19347 16020 6 5
19353 143 -1 10
19369 7006 7 6
19380 16807 7 6
19386 12630 -1 10
19389 8289 8 7
19395 1639 -1 10
19400 1639 4 3
19401 19973 7 6
19420 51 10 9
19421 15995 8 7
19425 17298 4 3
19442 189 10 9
19450 19973 6 5
19453 707 10 9
19454 17410 -1 10
19463 5881 10 9
19472 486 6 5
19480 14248 9 8
19488 1639 8 7
19495 1639 -1 8
19506 1639 -1 9
19507 15831 -1 10
19515 9181 8 7
19518 12283 6 5
19521 1151 7 6
19522 9377 9 8
19535 3799 9 8
19536 74 8 7
19551 970 8 7
19553 143 10 9
19555 707 6 4
19555 659 8 7
19555 1137 -1 10
19557 1802 9 8
19559 1639 5 4
19560 1450 -1 10
19563 1639 6 5
19567 707 6 5
19577 51 8 7
19594 17117 -1 10
19595 1639 10 8
19597 1639 10 8
19604 12630 7 6
19604 19973 8 7
19617 189 7 6
19624 2930 -1 10
19630 1528 -1 10
19634 143 10 9
19641 189 8 7
19654 1639 9 8
19657 1639 6 5
19663 14276 9 8
19665 380 7 6
19671 486 6 5
19674 1639 3 2
19680 74 9 8
19693 1639 -1 10
19703 8115 5 4
19717 9601 5 4
19717 10093 6 5
19748 18641 6 5
19761 13685 10 9
19763 14170 10 9
19765 16807 5 4
19770 74 -1 10
19772 2851 4 3
19772 74 -1 10
19775 143 5 4
19785 15543 9 8
19796 14891 5 4
19800 1639 7 6
19820 5 -1 10
19821 707 5 4
19838 19051 9 8
19844 447 3 2
19848 1639 -1 9
19850 8115 5 4
19854 8289 6 5
19856 16166 4 3
19857 10258 9 8
19867 189 6 5
19868 8115 9 8
19873 15543 5 4
19874 2930 10 9
19890 219 8 7
19899 18147 8 7
19903 189 -1 10
19912 7208 9 8
19916 1639 4 3
19931 16807 -1 10
19937 1592 3 2
19939 707 5 4
19950 1639 3 2
19952 1639 -1 10
19953 17618 -1 10
19956 707 6 5
19960 17104 9 8
19968 9925 6 5
19971 447 10 9
19973 16414 5 4
19974 189 -1 10
19978 942 8 7
19980 1639 6 5
19981 7262 10 9
19985 20265 9 8
19990 17410 4 3
20002 707 8 6
20004 7262 6 5
20007 942 -1 9
20011 1639 10 8
20015 1639 5 3
20029 707 10 9
20033 1639 9 7
20040 7262 -1 10
20041 447 -1 10
20044 8289 6 5
20045 1639 7 6
20046 16807 9 8
20057 1639 3 2
20060 1639 8 7
20061 8115 9 8
20062 11769 10 9
20065 74 4 3
20083 17298 4 3
20089 1639 8 7
20090 14248 7 6
20091 189 2 1
20096 5881 10 9
20099 161 5 4
20111 1639 -1 10
20119 707 9 8
20121 9601 7 6
20138 1639 3 2
20144 1639 6 5
20145 1528 8 7
20145 143 -1 10
20149 9917 3 2
20156 18147 5 4
20158 7006 5 4
20165 189 5 4
20170 7999 8 7
20173 19049 9 8
20186 1639 8 7
20199 20265 3 2
20202 447 -1 10
20208 1639 2 1
20214 74 6 5
20217 189 6 5
20221 707 -1 10
20224 143 10 9
20229 707 7 6
20232 1639 6 5
20234 1639 9 8
20241 8221 10 9
20250 189 3 2
20255 189 6 5
20259 1137 9 7
20261 14926 4 3
20263 8176 9 8
20267 189 -1 10
20271 1639 -1 10
20277 1639 10 9
20293 8221 8 7
20309 1639 -1 9
20320 707 -1 10
20324 13685 9 8
20324 1137 -1 10
20327 942 -1 9
20332 1639 9 8
20334 74 -1 10
20337 13427 10 9
20338 12674 -1 10
20343 1639 -1 10
20346 11662 -1 10
20362 189 8 7
20367 19973 10 9
20374 707 5 3
20374 143 9 8
20377 1639 6 5
20381 16414 7 6
20382 3799 4 3
20393 17298 2 1
20393 20265 3 2
20393 13685 4 3
20393 7006 5 4
20393 10226 6 5
20393 16807 7 6
20393 4919 8 7
20393 16020 9 8
20393 5826 10 9
20393 3134 -1 10
20399 1639 9 8
20401 1639 9 8
20413 16807 10 9
20415 20265 10 9
20417 707 -1 10
20419 1639 9 8
20430 1639 9 8
20433 143 3 2
20434 189 4 3
20444 7262 9 8
20478 1639 6 4
20482 74 8 7
20484 189 10 9
20488 707 -1 10
20499 707 -1 9
20500 1639 7 6
20501 143 8 7
20505 9925 10 9
20508 1639 7 6
20514 1639 3 2
20515 1151 5 4
20518 143 10 8
20523 13685 5 4
20524 5826 -1 10
20542 3802 9 8
20548 5 2 1
20551 14891 7 6
20554 1639 10 9
20558 143 8 7
20562 189 9 8
20564 19973 5 4
20567 8115 2 1
20573 11767 10 9
20581 7262 6 5
20583 1639 8 7
20587 7893 10 9
20588 1639 -1 10
20591 219 -1 10
20593 1639 10 9
20599 9925 7 6
20608 1639 2 1
20612 18762 7 6
20617 143 -1 10
20620 189 6 5
20621 2930 -1 9
20624 1639 9 7
20643 2327 7 6
20649 5826 8 7
20659 7262 -1 10
20663 1639 5 4
20665 942 5 4
20677 1639 4 3
20677 15995 -1 10
20678 1639 4 3
20679 4515 9 8
20692 20265 3 2
20693 2930 -1 10
20702 9601 5 4
20705 143 10 9
20716 1639 5 4
20734 15543 8 7
20735 5 9 8
20740 942 7 6
20748 20265 2 1
20748 189 10 8
20750 74 7 6
20754 143 -1 10
20763 1639 8 7
20774 10746 -1 10
20781 189 8 7
20797 15995 4 3
20799 1241 -1 10
20804 19973 9 8
20808 1151 7 6
20813 380 -1 10
20817 17374 -1 10
20821 1639 10 7
20837 8289 4 3
20839 447 3 2
20860 1639 9 8
20869 1592 -1 10
20875 9917 5 4
20876 12462 10 9
20888 1639 7 6
20891 1639 -1 10
20892 1639 9 8
20893 189 -1 10
20896 1639 9 8
20897 189 6 5
20911 1639 7 6
20912 14891 -1 10
20918 1241 -1 10
20922 7262 6 5
20923 1639 4 3
20937 12462 10 9
20938 20265 6 5
20939 12283 -1 10
20943 1639 6 4
20944 20265 5 4
20944 15543 10 9
20945 942 10 9
20946 447 7 6
20953 189 6 5
20953 17410 10 9
20965 1639 9 6
20969 6423 7 6
20978 447 -1 10
20980 189 8 7
20989 12630 8 7
20992 2930 -1 10
20995 20498 4 3
20996 225 10 9
20997 2851 6 5
21001 189 10 9
21008 5881 6 5
21017 17618 8 7
21023 5327 -1 10
21025 1291 8 7
21033 17618 -1 10
21046 225 7 6
21047 18496 4 3
21052 486 10 8
21058 17298 8 7
21061 12630 8 7
21065 1137 10 8
21073 1639 7 6
21077 707 -1 10
21093 1639 3 2
21094 380 5 4
21107 2930 2 1
21110 1639 10 9
21116 18147 3 2
21116 8289 10 9
21129 189 -1 10
21133 1241 2 1
21137 143 8 7
21148 143 10 9
21151 1639 10 9
21154 2930 2 1
21161 20265 6 5
21167 10746 4 3
21169 1639 -1 10
21175 1639 -1 9
21185 1639 -1 10
21187 19059 9 8
21196 2953 10 9
21202 14891 8 7
21210 74 6 5
21212 1639 -1 10
21214 1639 4 3
21223 12630 4 3
21223 8115 7 6
21226 1639 10 9
21229 189 -1 10
21236 6443 9 8
21239 2930 5 4
21240 17374 7 6
21241 12563 10 9
21244 17298 7 6
21249 16714 -1 10
21251 1639 -1 10
21257 143 9 8
21261 74 3 2
21265 5881 9 8
21268 1639 7 6
21268 7006 -1 10
21278 74 -1 10
21282 7346 10 9
21297 143 8 7
21299 707 -1 10
21300 18762 8 7
21302 1639 4 3
21305 143 -1 9
21310 1639 8 7
21327 12462 5 4
21343 17298 2 1
21349 8221 6 5
21354 1639 9 7
21355 16807 9 8
21361 143 8 6
21366 1241 6 5
21366 1298 10 8
21370 2930 9 8
21376 922 10 9
21379 1639 7 6
21387 189 5 4
21409 1639 5 4
21409 18147 10 9
21413 14038 8 7
21416 1639 3 2
21423 7208 10 9
21440 189 5 4
21447 1639 9 8
21451 3799 9 8
21453 143 9 8
21463 1639 5 4
21464 707 -1 10
21478 942 7 6
21480 1639 3 1
21482 1639 8 6
21495 14926 4 3
21495 7111 9 8
21502 143 -1 10
21511 20265 6 5
21537 15543 4 3
21539 2930 3 2
21539 1525 8 7
21540 74 -1 10
21556 1639 -1 10
21566 9917 7 6
21568 19051 -1 10
21577 1639 10 9
21585 1002 5 4
21594 447 9 8
21595 20540 5 4
21595 1592 10 9
21605 143 6 5
21605 1639 10 9
21625 942 8 7
21631 1639 7 6
21635 143 -1 10
21654 143 9 8
21658 1639 5 3
21659 447 9 8
21666 19973 6 5
21684 1639 7 6
21725 942 8 6
21726 1639 6 4
21733 447 10 8
21739 74 9 7
21752 14891 6 5
21758 8115 10 9
21760 20265 8 7
21761 1151 9 7
21772 10455 -1 10
21794 17627 -1 10
21797 1525 -1 10
21799 8176 10 9
21801 1639 6 5
21809 2851 8 7
21821 2930 5 4
21837 17374 7 6
21847 143 9 8
21856 19892 5 4
21864 9641 10 9
21865 922 10 9
21879 4265 -1 10
21880 74 10 9
21885 1639 7 6
21888 1639 9 8
21897 707 4 3
21907 19973 9 8
21913 219 -1 10
21938 143 9 8
21939 1639 -1 10
21940 17618 6 5
21955 189 5 4
21960 5881 4 3
21962 9925 4 3
21986 1639 5 4
21999 1639 3 2
22003 1639 -1 10
22011 707 2 1
22019 143 2 1
22019 1639 -1 10
22020 18147 7 6
22024 7208 7 6
22026 14891 10 9
22028 380 5 4
22034 970 9 8
22045 970 10 9
22047 2930 9 8
22051 18641 8 7
22054 6781 10 9
22066 1802 8 7
22074 707 5 4
22089 942 5 3
22107 9601 5 4
22123 1639 10 9
22125 5881 -1 10
22130 1528 10 9
22131 447 8 7
22139 74 2 1
22149 14170 9 8
22161 707 8 7
22175 8289 5 4
22177 1639 7 6
22178 7143 6 5
22182 18421 9 8
22183 1639 5 3
22186 74 10 8
22193 9181 10 9
22196 1639 9 8
22200 1639 4 3
22204 9917 6 5
22207 9917 6 5
22208 20265 7 6
22221 20265 6 5
22224 5881 8 7
22230 707 5 4
22238 10746 8 7
22243 486 2 1
22245 5826 -1 10
22252 143 10 9
22255 16319 10 9
22256 9917 6 5
22256 7111 -1 10
22276 17298 5 4
22284 1639 5 4
22286 2930 9 8
22294 19973 -1 10
22295 1639 5 4
22303 7784 9 8
22304 1639 9 8
22312 486 7 6
22316 189 2 1
22331 5881 8 7
22339 1528 5 4
22352 2930 6 5
22353 1639 6 5
22356 970 10 9
22365 1151 3 2
22379 20539 10 9
22384 1639 6 5
22387 1639 7 6
22389 14170 7 6
22393 16807 5 4
22399 13696 7 6
22414 189 -1 10
22419 143 3 2
22421 1639 -1 8
22430 17298 5 4
22430 707 -1 7
22434 7006 6 5
22438 2930 9 8
22450 74 7 6
22462 143 5 4
22462 5881 10 9
22466 1525 7 6
22473 143 8 7
22479 15543 10 9
22492 8289 6 5
22492 15543 10 9
22495 970 6 5
22498 6443 10 9
22500 17298 8 7
22503 5826 7 6
22514 1525 6 5
22516 8115 4 3
22519 74 7 6
22525 2930 6 5
22527 7893 -1 10
22537 15543 10 9
22543 1639 10 9
22548 14891 10 9
22572 1137 9 8
22573 189 10 9
22582 1639 8 6
22583 189 6 5
22588 16414 10 9
22590 380 -1 10
22596 15543 3 2
22607 189 4 3
22611 1639 10 9
22612 13912 5 4
22619 13685 -1 10
22620 19012 6 5
22621 1639 9 8
22622 2930 10 9
22623 1639 6 5
22623 14926 9 8
22626 707 3 1
22627 14248 -1 10
22630 20265 10 9
22631 143 9 7
22631 1639 -1 10
22632 9917 6 5
22641 10093 10 9
22653 486 10 9
22657 2734 -1 10
22662 1639 3 2
22664 942 3 2
22666 1639 -1 9
22686 942 3 2
22691 14075 9 8
22694 2851 5 4
22695 2851 7 6
22696 5881 10 9
22704 1639 -1 10
22713 970 10 9
22713 18656 -1 10
22717 17298 7 6
22717 1639 10 9
22724 1639 9 8
22727 7143 8 7
22731 1639 -1 10
22734 3799 6 5
22736 8115 7 6
