2 19973 2 1
11 143 10 9
13 17298 7 6
25 143 9 8
64 942 5 4
71 143 10 9
75 1639 8 7
81 1639 8 7
84 12630 -1 10
94 8115 5 4
103 1639 4 3
103 143 -1 10
105 20265 2 1
107 1639 -1 10
108 6423 3 2
110 15543 -1 10
111 1639 9 8
112 1639 6 5
122 20265 5 4
122 74 10 9
127 161 3 2
129 1639 5 4
134 189 9 8
138 1639 9 8
153 189 10 9
158 189 3 2
168 1639 2 1
169 17298 8 7
171 942 10 9
176 14248 6 5
176 9601 10 9
177 15187 6 5
188 19783 10 9
192 15995 4 3
193 707 9 8
194 16807 7 6
196 189 8 7
199 18421 -1 10
204 1639 8 7
205 5881 9 8
206 380 10 9
211 1639 -1 10
213 5857 4 3
213 17298 5 4
213 12725 6 5
213 74 8 6
213 14248 9 8
213 8176 10 9
213 18847 -1 10
216 9601 -1 10
217 143 9 7
218 5881 9 8
220 8115 7 6
221 447 9 8
236 15543 6 5
236 8115 -1 10
255 7208 9 8
255 19616 10 9
255 12630 -1 10
279 16807 5 4
281 74 8 7
299 5881 7 5
299 8115 8 6
305 942 8 7
307 143 -1 10
313 143 -1 10
322 1639 5 4
329 12724 -1 10
333 5881 -1 10
334 364 -1 10
335 189 6 5
337 143 7 6
337 2930 -1 10
350 12462 7 6
355 942 -1 10
368 74 8 7
368 364 -1 8
369 1151 10 9
373 659 9 8
384 1639 4 3
385 14891 6 5
385 9917 8 7
387 12630 -1 10
388 707 9 8
390 380 -1 10
393 143 -1 10
395 15543 10 9
401 15831 5 4
403 1639 6 5
407 2930 -1 10
411 19973 6 5
413 18421 5 4
417 7893 5 4
429 16807 9 8
431 1639 9 7
432 143 8 7
441 14248 8 7
443 1639 7 6
450 1639 -1 10
453 18421 -1 10
470 9917 7 6
473 189 7 6
474 15831 2 1
474 19973 3 2
474 15995 4 3
474 7208 5 4
474 17374 6 5
474 8798 7 6
474 5881 8 7
474 15491 9 8
474 14891 10 9
474 9785 -1 10
479 2930 4 3
482 7143 -1 10
487 143 5 4
487 2930 7 6
489 707 -1 9
505 143 10 9
506 20215 10 9
511 143 10 9
513 20265 7 6
518 1639 5 4
526 74 -1 9
561 2930 10 9
563 15637 -1 10
569 707 5 3
570 1639 9 8
574 17618 8 7
588 2930 -1 10
598 15543 -1 10
608 5881 10 9
612 380 4 3
614 1525 -1 10
627 1639 8 7
630 2930 8 7
632 7262 8 7
632 13685 9 8
638 219 9 8
639 7262 5 4
640 1639 6 4
643 1639 2 1
654 1450 7 6
661 1639 7 6
661 13685 9 8
662 19012 6 5
669 219 7 6
670 17651 9 8
670 8221 10 9
670 17298 -1 10
679 189 8 7
687 143 9 8
689 5 7 6
691 1639 -1 10
695 15995 7 6
697 189 -1 10
698 2930 8 7
700 7262 5 4
710 20265 6 5
725 1639 -1 9
728 143 10 9
753 1592 -1 10
759 189 8 7
766 5826 4 3
766 707 10 9
768 18641 9 8
771 1639 -1 10
797 6276 10 9
798 1639 -1 9
799 5881 6 5
808 942 9 8
814 1639 8 7
827 19049 7 6
838 74 5 4
841 942 8 7
844 1137 -1 10
845 1639 9 8
847 4515 9 8
847 10820 10 9
847 1639 -1 10
848 1639 8 7
852 707 3 2
855 2930 5 4
858 1639 6 5
859 1639 3 2
859 707 9 8
873 143 10 9
874 1525 7 6
883 380 10 9
885 1528 8 7
888 17298 4 3
897 735 9 8
897 13685 10 9
897 14783 -1 10
909 189 2 1
909 74 8 6
928 942 9 8
939 4556 8 7
958 9917 6 5
963 143 9 8
967 143 8 7
967 707 -1 10
975 942 7 6
994 143 -1 10
1003 15543 2 1
1004 1639 9 8
1006 14891 9 8
1008 189 8 7
1009 17374 6 5
1027 465 8 7
1031 20539 10 9
1033 5 8 5
1039 143 7 6
1043 20539 9 8
1049 2064 10 8
1051 486 5 4
1059 11719 4 3
1064 19973 8 7
1067 14248 -1 10
1069 14891 8 7
1076 143 3 2
1079 14075 7 6
1084 1639 -1 9
1086 189 4 3
1089 20215 9 8
1102 19060 8 7
1102 17618 9 8
1120 15995 -1 10
1130 1639 5 4
1131 7262 6 5
1137 8289 7 6
1160 143 10 9
1164 143 9 8
1169 1002 6 5
1178 486 9 8
1180 7262 -1 10
1184 20265 3 2
1196 1639 9 8
1202 161 7 6
1204 8289 6 5
1205 143 -1 10
1208 1137 7 6
1208 707 -1 10
1213 942 8 7
1222 1639 5 4
1224 143 10 9
1225 15995 10 9
1230 74 8 7
1232 4515 -1 10
1234 8289 8 7
1250 16807 7 6
1255 6423 -1 10
1259 16020 9 8
1260 18505 7 6
1266 9181 7 6
1283 13912 5 4
1286 1639 9 8
1307 942 9 8
1323 659 6 5
1332 19049 10 9
1337 143 7 5
1338 2930 5 4
1341 1639 8 7
1342 1639 5 4
1355 707 10 8
1360 5881 10 9
1372 707 2 1
1372 13912 8 7
1383 189 7 6
1400 2851 -1 10
1402 18641 7 6
1405 17298 3 2
1408 5881 8 7
1412 19059 -1 10
1415 9917 5 4
1416 1639 -1 10
1417 707 10 9
1425 942 7 5
1428 707 4 3
1451 1639 8 7
1457 970 9 8
1473 1639 8 7
1482 20265 3 2
1495 189 -1 10
1503 189 10 9
1511 9917 8 7
1522 17663 7 6
1524 1639 10 9
1525 1639 3 1
1537 1639 5 4
1539 143 9 8
1550 189 6 5
1565 14170 8 7
1566 486 10 9
1573 6423 9 8
1578 8176 -1 10
1581 659 7 6
1583 7006 8 7
1585 10258 7 6
1598 189 3 1
1607 1639 2 1
1619 189 9 8
1620 12630 7 6
1622 1291 -1 10
1623 17410 6 5
1630 143 -1 10
1631 19973 -1 10
1637 15831 9 8
1655 1639 6 5
1660 2863 -1 10
1674 9917 9 8
1688 74 8 7
1690 1639 -1 10
1693 942 8 7
1710 1137 7 6
1714 143 -1 10
1717 17374 10 9
1728 219 6 5
1733 5 3 2
1733 189 6 5
1737 707 -1 10
1747 5857 -1 10
1757 2930 3 2
1772 7262 6 5
1773 707 -1 10
1781 2930 10 9
1788 1639 6 5
1790 7208 10 9
1795 2930 10 9
1806 8289 10 9
1809 1639 8 7
1824 707 -1 7
1825 14248 10 9
1825 7999 -1 10
1828 18147 2 1
1828 19049 -1 10
1853 15543 -1 10
1860 19049 -1 10
1866 74 6 5
1871 7262 3 2
1873 19973 7 6
1884 707 -1 10
1888 15995 10 9
1911 8115 9 8
1924 13685 6 5
1926 9601 5 4
1931 942 6 5
1936 1639 8 6
1938 2930 -1 10
1941 1639 9 7
1943 161 5 4
1945 7208 6 5
1946 6531 10 9
1951 74 10 9
1955 1639 9 8
1965 74 -1 10
1977 1639 5 4
1983 942 4 3
1983 17117 -1 10
2025 8115 -1 10
2027 1639 7 6
2033 14038 8 7
2037 942 9 8
2037 74 -1 10
2040 14170 9 8
2045 707 5 3
2045 1639 -1 8
2047 16020 9 8
2052 189 6 5
2065 74 8 6
2073 1639 -1 10
2094 74 8 7
2099 143 3 2
2101 189 7 6
2118 7006 8 7
2121 893 6 5
2124 1639 2 1
2129 1639 5 4
2134 8115 5 4
2138 7893 5 4
2149 17298 5 4
2154 189 10 9
2156 1639 -1 10
2165 20265 6 5
2176 2930 7 6
2181 14891 4 3
2191 707 10 7
2195 2079 10 9
2201 20540 -1 10
2204 20265 10 9
2207 143 -1 10
2211 1639 3 2
2215 143 4 3
2215 19012 -1 10
2216 707 6 4
2218 189 7 6
2218 10093 10 9
2221 659 3 2
2226 1639 8 7
2246 2658 -1 10
2247 1639 9 7
2268 9601 -1 10
2286 1639 5 4
2295 2930 -1 10
2299 942 10 9
2312 14170 5 4
2315 6423 7 6
2315 5881 10 9
2327 7999 10 9
2359 13685 2 1
2359 20265 3 2
2359 19973 4 3
2359 9917 5 4
2359 12630 6 5
2359 7262 7 6
2359 659 8 7
2359 10093 9 8
2359 15637 10 9
2359 6423 -1 10
2360 15491 9 8
2378 74 6 5
2391 707 7 5
2409 942 6 5
2412 2327 5 4
2414 18401 5 4
2418 1639 5 4
2418 707 10 9
2422 9917 10 9
2422 15543 -1 10
2425 16807 -1 10
2432 2851 7 6
2437 707 -1 10
2441 7999 -1 10
2442 16807 5 4
2443 17298 6 5
2443 19973 7 6
2445 1639 -1 10
2452 6423 10 9
2456 1639 2 1
2458 189 9 8
2459 74 7 6
2470 6423 3 2
2476 12462 4 3
2477 8157 -1 10
2478 1639 10 9
2480 74 7 6
2482 5826 9 8
2492 143 9 8
2493 1639 4 3
2495 380 3 2
2495 7332 7 6
2495 8221 8 7
2495 9917 9 8
2495 15995 10 9
2495 9601 -1 10
2506 1639 3 2
2511 1639 8 7
2526 20540 -1 10
2545 5881 -1 10
2554 1639 2 1
2560 17298 9 8
2565 74 -1 10
2567 1525 8 7
2569 189 2 1
2571 707 4 2
2576 1639 3 2
2577 1639 10 9
2589 17298 7 6
2592 13685 5 4
2595 1639 8 7
2598 9641 8 7
2599 942 9 8
2600 74 9 7
2603 189 8 7
2613 1639 7 6
2635 1639 7 6
2641 189 -1 10
2650 19973 6 5
2652 1639 4 3
2654 942 4 3
2662 143 10 9
2663 1639 8 7
2667 2851 8 7
2669 447 9 7
2672 707 5 3
2679 7893 4 3
2683 1639 9 8
2686 7893 10 9
2691 17663 6 5
2697 5881 7 6
2699 1137 10 9
2710 1592 8 7
2711 9917 -1 10
2715 1639 8 7
2723 486 9 8
2729 1639 -1 10
2739 74 10 9
2741 189 7 6
2743 219 -1 10
2751 18147 3 2
2754 2851 7 6
2758 143 -1 10
2765 143 9 8
2790 6263 -1 10
2795 143 9 8
2797 1639 -1 10
2813 1639 7 6
2813 1137 10 8
2816 5881 3 2
2832 189 -1 10
2839 707 6 5
2848 1639 7 6
2850 11767 10 9
2856 1639 -1 9
2862 1639 5 4
2865 9601 6 5
2865 14170 7 6
2865 12805 8 7
2865 16631 9 8
2865 1639 10 9
2865 161 -1 10
2866 19973 7 6
2880 14170 5 4
2882 14248 -1 10
2892 1639 7 6
2895 1151 -1 10
2901 1639 8 7
2923 143 -1 9
2924 1639 -1 10
2928 15995 5 4
2934 447 10 9
2940 2930 4 3
2942 189 4 3
2944 15995 4 3
2962 2851 9 8
2966 707 8 6
2972 14891 3 2
2975 16020 6 5
2975 14170 7 6
2975 14038 8 7
2975 1639 9 8
2975 9601 10 9
2975 19049 -1 10
2982 1639 9 8
2989 15995 5 4
3001 13685 9 8
3016 18505 10 9
3025 9601 -1 10
3026 9917 7 6
3034 20265 2 1
3039 13685 7 6
3040 942 5 4
3063 1639 3 2
3068 380 7 6
3071 942 -1 10
3074 1639 3 2
3079 5881 6 5
3090 1639 4 3
3099 4515 -1 10
3101 1639 7 6
3105 189 10 9
3107 9917 5 4
3110 15995 8 7
3116 9601 3 2
3119 1639 -1 10
3123 189 -1 10
3133 143 5 4
3141 707 3 2
3146 1639 10 9
3150 9601 10 9
3155 8221 6 5
3156 9917 5 4
3164 19059 5 4
3171 18847 6 5
3180 942 10 9
3213 143 -1 10
3218 17298 9 8
3219 970 -1 10
3221 1639 4 3
3233 9917 10 9
3236 659 7 6
3240 3799 7 6
3244 15831 10 9
3248 1528 10 9
3249 2851 8 7
3266 4515 -1 10
3270 74 8 7
3274 380 10 9
3277 189 5 4
3280 942 4 3
3281 1639 -1 8
3284 1639 3 2
3290 2851 5 4
3305 15995 8 7
3306 1639 10 9
3309 7893 6 5
3309 19855 9 8
3324 10746 5 4
3330 143 4 3
3342 9601 9 8
3346 942 7 6
3350 8115 10 9
3356 17410 9 8
3361 219 -1 10
3365 17298 7 6
3365 13912 9 8
3368 2930 -1 10
3374 17618 10 9
3377 74 7 6
3381 17298 9 8
3396 1639 2 1
3406 970 10 9
3426 1639 4 3
3433 4132 -1 10
3434 15491 8 7
3437 2930 8 7
3440 7262 4 3
3443 1639 3 2
3457 143 4 3
3458 19059 4 3
3460 659 7 6
3474 12563 -1 10
3492 707 10 9
3509 707 4 3
3521 1639 7 6
3528 1639 9 8
3539 15995 9 8
3542 1639 7 6
3545 1639 -1 10
3553 2930 9 8
3560 380 9 8
3563 5826 10 9
3564 143 9 8
3585 15543 -1 10
3590 143 9 8
3590 74 -1 10
3596 2930 -1 10
3599 659 -1 10
3600 942 9 8
3605 2930 -1 10
3607 14038 8 7
3608 1137 10 8
3609 1639 3 2
3612 189 3 2
3617 707 3 2
3623 1639 2 1
3626 486 -1 10
3631 17298 9 8
3641 74 9 8
3645 942 -1 10
3654 1639 6 5
3657 19973 3 2
3659 189 10 9
3663 9601 10 9
3689 14891 5 4
3702 942 -1 10
3707 13685 10 9
3709 1639 -1 10
3710 1639 -1 10
3711 17410 8 7
3713 19049 10 9
3716 5881 6 5
3718 17298 10 9
3720 14248 8 7
3727 189 6 5
3734 219 10 9
3740 1639 3 2
3741 1639 2 1
3742 1639 6 5
3744 16631 10 9
3750 9917 7 6
3754 189 10 9
3762 7006 8 7
3763 1639 8 7
3771 15995 5 4
3780 1639 6 5
3789 9917 5 4
3796 189 6 5
3803 8115 6 5
3814 1639 7 6
3814 20265 9 8
3815 5881 6 5
3818 143 7 6
3819 1639 -1 10
3823 189 -1 10
3827 7262 4 3
3828 189 10 8
3830 189 5 4
3834 189 2 1
3849 189 4 3
3868 1639 3 2
3881 1639 10 9
3883 1639 -1 10
3884 8289 5 4
3884 20265 7 6
3891 942 10 9
3895 5826 6 5
3903 12462 5 4
3917 1151 9 8
3928 16807 6 5
3929 16020 -1 10
3931 9601 9 8
3938 20265 5 4
3941 5881 -1 10
3942 19049 10 9
3948 17298 5 4
3948 4515 8 7
3955 1639 9 8
3964 4060 10 9
3971 1639 7 6
3972 447 -1 10
3983 1639 5 4
3983 942 6 5
3997 5826 7 6
4003 189 8 6
4012 2930 6 5
4018 143 9 8
4019 1639 9 8
4020 707 3 1
4040 20265 4 3
4048 13696 9 8
4060 14170 9 8
4076 12630 6 5
4078 189 2 1
4080 9601 6 5
4084 15543 5 4
4091 189 7 5
4092 9601 7 6
4092 10093 8 7
4092 2851 9 8
4092 15637 10 9
4092 8176 -1 10
4096 1639 5 4
4097 16866 -1 10
4098 1639 -1 10
4105 1137 6 5
4110 15995 -1 10
4117 1639 10 8
4122 1639 6 5
4125 6423 4 3
4130 14248 9 8
4130 19012 10 9
4130 9641 -1 10
4133 7208 5 4
4133 161 6 5
4133 7893 7 6
4133 18147 8 7
4133 11719 9 8
4133 19059 10 9
4133 14170 -1 10
4134 1639 6 5
4147 1639 -1 10
4152 1639 9 8
4153 189 9 8
4158 1639 8 7
4164 11126 7 6
4166 74 -1 10
4169 12630 5 4
4172 143 9 8
4173 20265 7 6
4178 1639 7 6
4179 942 4 3
4183 1639 2 1
4188 7262 9 8
4190 1639 -1 10
4212 364 9 8
4219 707 8 5
4221 143 9 8
4235 1137 9 7
4236 189 3 2
4254 1639 7 6
4257 707 5 4
4277 2930 7 6
4280 14891 -1 10
4287 143 10 9
4294 189 10 9
4296 707 5 4
4309 143 9 7
4312 189 -1 10
4320 74 7 6
4327 942 -1 10
4339 189 7 5
4344 5881 7 6
4344 143 9 8
4345 942 -1 10
4356 1639 3 2
4361 74 5 4
4367 19973 6 5
4369 922 6 5
4377 13685 -1 10
4378 1291 -1 10
4379 4060 8 7
4381 5881 -1 10
4383 1639 8 7
4387 143 4 3
4406 1639 3 2
4414 1639 9 8
4420 5826 10 9
4435 659 7 6
4444 1639 -1 10
4446 12630 10 9
4450 1639 3 2
4454 189 8 7
4455 225 5 4
4457 14170 8 7
4458 143 6 5
4461 10384 2 1
4461 18401 4 2
4461 7262 5 4
4461 10979 6 5
4461 16807 7 6
4461 18147 8 7
4461 19973 9 8
4461 6032 10 9
4461 161 -1 10
4464 2930 9 8
4467 9925 4 3
4490 942 -1 10
4496 942 -1 10
4504 7673 9 8
4508 18496 -1 10
4518 1639 7 6
4531 7208 6 5
4532 1639 10 9
4545 1639 -1 10
4553 1639 8 6
4563 1639 -1 8
4569 1639 6 3
4570 1639 2 1
4573 5881 10 9
4574 143 8 7
4582 14891 5 4
4604 2930 9 8
4615 1639 10 9
4626 15543 2 1
4627 9917 4 3
4633 20265 7 6
4636 1639 8 7
4637 143 6 5
4640 1639 5 4
4655 6423 10 9
4661 2851 9 8
4668 1639 4 3
4680 9181 10 9
4692 143 8 7
4696 17298 3 2
4702 189 6 5
4709 19973 7 6
4710 143 -1 10
4719 189 10 9
4720 1639 5 4
4724 2327 -1 10
4741 74 -1 10
4742 1639 10 9
4755 19060 8 7
4757 189 5 4
4757 17298 -1 10
4758 1639 9 8
4801 189 6 5
4827 19855 -1 10
4835 17298 4 3
4838 74 9 8
4846 189 6 5
4851 189 4 3
4857 74 2 1
4860 380 2 1
4866 1639 5 4
4871 707 -1 10
4880 7175 9 8
4888 384 9 8
4896 2930 3 2
4900 1639 10 8
4901 1639 7 6
4907 189 10 9
4911 942 9 8
4917 1639 7 6
4923 707 6 5
4926 1639 -1 10
4931 17298 9 8
4932 1639 7 6
4935 9641 8 7
4936 143 -1 10
4945 1639 6 5
4959 19973 7 6
4959 1639 -1 10
4960 707 -1 10
4963 447 4 3
4964 1639 8 6
4971 1639 7 6
4974 1639 6 5
4978 1639 6 5
4981 143 10 9
4984 189 10 9
4996 7262 -1 10
4998 1639 6 5
5001 16020 9 8
5005 942 6 5
5019 380 8 7
5026 707 10 9
5029 18401 -1 10
5037 1639 4 3
5057 5826 7 6
5057 1137 -1 10
5068 7262 6 5
5075 15995 3 2
5077 1639 10 9
5080 1639 5 4
5087 1450 8 7
5092 5881 6 5
5094 15995 -1 10
5096 7893 4 3
5099 15995 -1 10
5101 707 10 8
5110 14905 10 9
5114 486 10 7
5115 14248 5 4
5118 5826 -1 10
5145 1639 9 8
5152 9860 8 7
5164 13912 8 7
5166 17298 9 8
5168 6423 -1 10
5171 1639 10 8
5172 9601 10 9
5177 1639 9 7
5184 17298 8 7
5185 1639 5 4
5216 942 -1 10
5220 1639 10 9
5235 7262 9 8
5238 1639 8 7
5240 15543 10 9
5243 1639 9 8
5244 1639 4 3
5244 942 7 6
5246 12630 4 3
5246 13685 5 4
5246 16414 6 5
5246 16631 7 6
5246 7006 8 7
5246 8289 9 8
5246 17298 10 9
5246 16807 -1 10
5248 1639 8 6
5248 189 10 9
5249 143 10 9
5268 447 8 7
5269 15995 5 4
5270 893 4 3
5270 10820 5 4
5270 20265 6 5
5270 19333 7 6
5270 8176 8 7
5270 15997 9 8
5270 7893 10 9
5270 12805 -1 10
5283 1241 8 7
5291 1639 6 5
5293 3799 4 3
5298 5857 8 7
5301 1639 8 7
5304 1639 8 7
5304 143 10 9
5316 1639 5 4
5332 143 10 9
5335 8115 6 5
5335 20265 -1 10
5340 2327 3 2
5340 942 5 3
5340 14170 6 5
5340 19049 7 6
5340 16631 8 7
5340 7332 9 8
5340 14038 10 9
5340 1450 -1 10
5352 189 10 9
5360 1639 7 6
5365 17298 10 9
5365 9994 -1 10
5366 1639 7 6
5371 19049 4 3
5381 1639 8 7
5385 1639 10 8
5389 143 7 6
5402 1639 10 9
5404 1137 8 6
5410 6423 2 1
5416 1639 10 9
5427 1639 6 5
5432 1639 -1 9
5433 14891 5 4
5434 189 4 3
5436 1639 7 6
5437 15995 3 2
5437 8221 5 4
5451 14891 8 7
5456 707 8 7
5458 219 -1 10
5461 13149 9 8
5473 942 10 9
5476 189 4 3
5477 707 9 8
5478 447 3 2
5478 1002 6 5
5478 1639 9 8
5488 486 10 9
5490 13427 -1 10
5500 1639 7 6
5501 143 4 3
5501 7208 6 5
5504 1639 -1 9
5505 11769 8 7
5512 2930 6 5
5521 2930 -1 10
5523 11719 -1 10
5532 189 -1 10
5533 16319 5 4
5533 8176 6 5
5533 13696 7 6
5533 16714 8 7
5533 2851 9 8
5533 893 10 9
5533 16866 -1 10
5534 659 10 9
5535 8115 7 6
5537 707 8 6
5538 1639 8 7
5548 143 3 2
5551 16020 -1 10
5555 942 5 4
5573 74 6 4
5575 12674 -1 10
5582 19973 5 4
5583 1639 6 5
5589 4515 -1 10
5601 15637 10 9
5603 189 5 4
5615 7262 8 7
5626 1639 10 9
5630 7999 7 6
5646 8289 9 8
5649 74 3 2
5651 57 4 3
5652 2930 6 5
5654 1639 4 3
5658 74 3 2
5666 13427 5 4
5667 1639 4 3
5670 16631 8 7
5677 707 10 9
5678 6874 -1 10
5682 7723 7 6
5691 735 9 8
5694 2930 2 1
5701 9925 5 4
5701 14170 6 5
5701 18762 7 6
5701 17229 8 7
5701 161 9 8
5701 18147 10 9
5701 12865 -1 10
5720 15543 3 2
5720 16414 -1 10
5725 707 10 9
5726 10093 9 8
5730 1639 6 5
5731 2930 9 8
5735 3799 10 9
5743 19049 10 9
5754 1639 -1 10
5756 5881 6 5
5757 1216 5 4
5769 19012 9 8
5780 13696 5 4
5791 1639 8 7
5802 8221 -1 10
5805 18421 7 6
5806 10093 7 6
5818 189 10 8
5819 707 8 5
5830 1639 4 3
5833 5881 7 6
5835 19973 3 2
5840 9925 9 8
5842 447 -1 10
5849 1639 -1 10
5852 1639 9 8
5854 1639 10 9
5862 9925 9 8
5862 12725 10 9
5863 1639 3 2
5867 161 4 3
5870 1639 5 4
5879 1639 -1 10
5882 5881 6 5
5884 942 8 7
5885 189 4 2
5901 12322 8 7
5904 14891 6 5
5925 707 -1 10
5952 20265 8 7
5977 74 8 7
5990 2327 6 5
6020 1525 3 2
6022 12630 6 5
6026 19973 8 7
6028 189 6 4
6033 189 4 3
6066 18847 9 8
6067 189 6 5
6076 20265 7 6
6089 1525 8 7
6092 74 9 8
6094 942 5 4
6107 20265 7 6
6123 2930 -1 10
6135 1639 5 4
6136 1639 -1 10
6145 1639 5 4
6163 12630 7 6
6163 659 8 7
6169 189 3 2
6175 13685 -1 10
6186 189 6 5
6198 1639 2 1
6207 1639 5 4
6231 20265 4 3
6233 19973 4 3
6236 1639 5 4
6242 1639 5 4
6251 5881 10 9
6266 14891 2 1
6270 2930 9 8
6274 1639 6 5
6275 380 2 1
6275 1151 10 9
6278 11970 10 9
6284 189 8 7
6286 1639 8 6
6294 942 9 7
6295 19973 7 6
6299 10455 9 8
6314 1639 7 6
6316 1639 9 8
6318 18421 9 8
6325 1639 9 8
6331 9601 -1 10
6332 19529 10 9
6336 7673 -1 10
6337 942 8 7
6349 8115 2 1
6353 189 5 4
6355 189 4 3
6362 1639 8 7
6373 1639 -1 9
6379 20540 10 9
6381 143 3 2
6383 17298 3 2
6396 1639 -1 10
6417 1639 -1 10
6424 189 10 9
6425 189 6 5
6433 4132 7 6
6443 1639 6 5
6466 1639 10 7
6470 7262 2 1
6476 9601 -1 10
6478 707 5 4
6478 3799 -1 10
6525 16631 8 7
6526 189 10 9
6540 1639 9 8
6541 942 8 7
6546 189 9 8
6551 3799 8 7
6560 1639 10 9
6563 1137 10 9
6571 5109 5 4
6586 6423 3 2
6586 143 8 7
6589 14891 6 5
6593 20265 5 4
6603 7262 -1 10
6605 447 5 4
6612 17298 9 8
6616 1639 6 4
6624 17298 6 5
6641 8115 -1 10
6647 380 8 7
6650 13685 -1 10
6660 7262 7 6
6664 8289 8 7
6688 7262 4 3
6695 1592 -1 10
6698 1639 3 2
6699 12805 4 3
6705 19973 5 4
6713 970 -1 10
6721 16417 10 9
6732 13685 5 4
6740 1639 -1 10
6743 1639 5 4
6750 9917 5 4
6754 143 -1 10
6755 2930 4 3
6755 1525 -1 10
6778 1639 6 5
6784 10746 9 8
6787 1639 9 8
6788 143 9 8
6795 189 7 6
6797 380 -1 10
6802 7262 4 3
6802 14170 8 7
6805 9601 5 4
6810 1639 2 1
6811 364 9 7
6827 13427 -1 10
6837 17663 -1 10
6846 13685 5 4
6847 74 -1 10
6852 486 9 8
6862 20540 7 6
6863 189 4 3
6863 2851 9 8
6869 6531 10 9
6874 189 5 4
6882 9925 -1 10
6885 1639 8 7
6900 9925 8 7
6905 1639 8 7
6922 14891 -1 10
6924 707 8 6
6933 143 8 7
6934 19025 8 7
6937 143 -1 10
6947 17298 2 1
6956 707 6 5
6960 1639 -1 10
6968 922 7 6
6969 189 7 6
6985 15995 8 7
6987 7208 9 8
6992 1639 5 4
7017 2930 8 7
7018 7006 8 7
7027 1639 6 4
7040 447 -1 10
7042 2851 5 4
7063 189 9 8
7065 20265 4 3
7071 17410 10 9
7078 1639 10 9
7085 143 10 9
7087 942 -1 10
7103 447 9 8
7104 189 8 7
7112 15543 8 7
7113 380 6 5
7134 1639 6 5
7136 942 10 9
7140 707 7 6
7143 3250 8 7
7147 707 10 9
7152 1639 10 9
7153 19973 8 7
7172 74 10 8
7175 143 8 6
7176 13912 7 6
7177 707 -1 10
7189 12725 -1 10
7195 15995 3 2
7199 1639 5 4
7201 1639 8 7
7210 380 3 2
7227 17298 4 3
7228 1639 3 2
7242 15831 9 8
7244 143 7 6
7247 7893 10 9
7253 1525 9 8
7257 447 8 7
7258 10746 4 3
7267 20265 6 5
7268 17374 4 3
7269 707 6 5
7269 17298 8 7
7283 2658 4 3
7283 1639 9 7
7311 7208 7 6
7326 12462 9 8
7327 1639 7 6
7329 6266 10 9
7330 942 9 8
7333 1450 9 8
7336 1639 7 6
7338 189 10 9
7343 7208 5 4
7346 16807 6 5
7348 5881 6 5
7360 19059 5 4
7361 942 8 6
7368 17298 5 4
7370 1525 7 6
7371 2930 8 7
7373 18401 5 4
7375 8289 8 7
7383 15995 5 4
7386 20265 2 1
7386 1639 9 7
7402 20265 10 9
7418 7262 6 5
7421 659 6 5
7426 1639 -1 10
7432 143 10 9
7440 1639 4 3
7453 9601 8 7
7462 143 8 6
7465 57 9 8
7474 447 7 6
7477 13685 8 7
7481 15995 3 2
7482 1639 3 2
7482 942 10 9
7495 20265 10 9
7498 20265 6 5
7499 189 2 1
7508 1639 7 5
7510 486 -1 10
7519 9917 6 5
7519 13427 7 6
7520 735 8 7
7525 189 8 7
7532 1639 -1 9
7538 1639 -1 10
7548 3250 10 9
7559 1291 8 6
7559 1639 10 9
7562 1525 4 3
7562 51 6 5
7564 9925 4 3
7576 707 -1 9
7580 13685 3 2
7581 1639 7 6
7585 2930 5 4
7586 15831 -1 10
7589 7893 9 8
7607 1639 7 6
7627 942 -1 10
7631 143 7 6
7634 922 9 8
7637 14891 -1 10
7639 143 8 7
7647 707 7 6
7654 7006 8 7
7657 1639 8 7
7664 143 6 5
7665 1525 4 3
7696 189 -1 10
7704 942 -1 10
7707 17298 -1 10
7720 942 6 5
7721 1639 7 6
7722 486 -1 9
7736 1639 -1 10
7738 189 2 1
7743 707 4 3
7750 51 9 8
7752 2851 9 8
7755 659 8 7
7756 1137 7 6
7760 189 10 9
7763 447 -1 10
7766 19892 9 8
7769 143 2 1
7772 7346 10 9
7785 1639 9 8
7808 1639 9 8
7823 20215 8 7
7831 922 6 5
7835 189 6 5
7837 15187 10 9
7844 5881 8 7
7853 1639 3 2
7857 1639 9 8
7864 6289 4 3
7866 17357 -1 10
7872 189 -1 10
7878 707 7 6
7881 1639 -1 10
7887 2930 6 5
7888 20265 8 7
7889 1639 8 7
7889 2851 10 9
7894 17298 8 7
7903 1639 8 7
7904 16807 8 7
7909 1639 4 3
7918 189 9 8
7919 447 2 1
7926 2930 4 3
7926 17374 9 8
7926 143 -1 10
7934 5881 2 1
7943 1639 9 8
7945 942 7 6
7955 5881 8 7
7959 1639 10 9
7999 1639 3 2
7999 143 10 9
8000 1639 7 6
8001 11767 10 9
8009 1639 4 3
8010 1639 6 5
8011 189 6 5
8016 486 10 9
8018 1639 10 9
8022 1639 9 8
8023 189 7 6
8028 942 10 8
8029 189 9 8
8030 1639 8 7
8031 1639 10 9
8050 942 9 7
8078 1639 -1 10
8082 2851 8 7
8091 143 6 5
8091 2327 -1 10
8106 17298 -1 10
8109 1525 8 7
8129 465 6 5
8135 12630 8 7
8136 7262 9 8
8136 15543 10 9
8149 143 7 6
8161 1639 -1 10
8165 18401 4 3
8166 143 -1 10
8178 13834 -1 10
8179 7262 5 4
8200 1639 5 4
8204 1639 5 4
8212 189 7 6
8213 189 7 6
8218 143 10 9
8235 5 10 9
8238 1639 5 4
8253 219 -1 10
8258 680 -1 10
8264 74 6 5
8269 143 10 9
8272 12630 8 7
8280 9917 -1 10
8281 143 5 4
8299 143 3 2
8303 1639 6 5
8303 15543 10 9
8304 2930 9 8
8308 10746 10 9
8310 707 -1 9
8314 1639 4 3
8316 1639 7 6
8319 20540 7 6
8319 15995 10 9
8331 4132 7 6
8335 659 9 8
8338 1639 2 1
8346 10746 10 9
8358 17298 8 7
8361 2930 4 3
8366 19973 6 5
8368 219 -1 10
8380 2851 9 8
8380 15002 10 9
8410 143 10 9
8416 225 6 5
8417 74 -1 9
8421 7262 7 6
8422 1639 10 9
8436 8115 8 7
8445 8115 9 8
8446 1639 7 4
8447 8115 10 9
8454 486 10 8
8456 18496 10 9
8460 1639 10 9
8479 189 10 9
8482 707 -1 8
8485 1802 10 9
8490 161 -1 10
8503 707 10 9
8507 1639 -1 10
8519 707 7 5
8529 1639 10 9
8535 14891 8 7
8543 20265 4 3
8547 143 6 5
8549 18147 10 9
8581 1639 8 7
8590 6443 9 8
8591 1639 5 4
8594 1137 7 6
8597 1639 -1 10
8612 12630 7 6
8619 1639 6 5
8620 9917 9 8
8622 4132 10 9
8634 1639 2 1
8636 1639 9 8
8639 3799 -1 10
8649 143 -1 10
8656 17298 7 6
8657 1639 10 8
8660 2930 10 9
8666 9925 4 3
8670 1639 3 2
8672 8115 10 9
8690 707 -1 10
8696 1639 -1 10
8711 1639 10 9
8716 15543 6 5
8742 7262 8 7
8751 2064 7 6
8752 5881 5 4
8753 2930 9 8
8754 364 -1 10
8758 707 4 3
8762 189 8 7
8776 8115 -1 10
8783 9641 10 9
8791 1639 6 5
8803 447 7 6
8807 9917 10 9
8813 189 -1 10
8840 143 4 3
8840 189 5 4
8850 189 4 3
8850 1639 9 8
8852 447 10 9
8853 2930 10 9
8856 1639 7 6
8858 2930 5 4
8864 922 5 4
8879 189 10 9
8886 486 9 8
8893 707 3 2
8895 17663 -1 10
8900 18147 2 1
8901 14170 7 6
8901 18421 8 7
8901 20215 9 8
8901 922 -1 9
8902 189 6 5
8904 942 -1 10
8908 189 10 9
8921 1639 -1 10
8923 707 10 8
8924 1639 7 6
8944 1151 10 9
8946 707 -1 10
8948 14891 8 7
8951 189 4 3
8961 74 4 3
8961 2851 9 8
8965 7006 -1 10
8970 1639 7 6
8978 5 6 4
8984 143 7 6
9005 707 8 7
9014 20265 4 3
9032 970 -1 10
9049 189 7 6
9051 1639 8 6
9056 14891 9 8
9061 1639 -1 10
9066 1639 8 7
9070 20540 8 7
9071 2851 -1 10
9081 18147 -1 10
9086 942 9 8
9087 1528 -1 10
9094 189 9 8
9098 15543 10 9
9103 17298 4 3
9105 6423 10 9
9117 1639 -1 10
9120 1639 10 8
9123 1639 4 3
9125 3799 2 1
9126 1639 -1 10
9128 1639 6 5
9136 143 -1 10
9142 1639 7 6
9160 16807 9 8
9163 189 8 6
9184 447 -1 10
9204 189 6 5
9215 9601 -1 10
9219 1639 8 7
9222 11767 9 8
9228 1639 4 3
9229 1639 7 5
9242 1639 -1 10
9247 74 3 2
9251 12674 7 6
9256 2930 8 7
9264 74 -1 10
9265 707 4 3
9268 74 6 5
9281 74 7 6
9284 1639 -1 10
9301 4515 7 6
9315 707 6 4
9320 707 4 3
9321 16807 -1 10
9324 7262 3 2
9345 1639 8 6
9350 447 8 7
9376 1639 -1 10
9382 7262 6 5
9392 659 -1 10
9403 19973 4 3
9408 1639 4 3
9414 1639 10 9
9418 16807 6 5
9428 10305 10 9
9430 17374 9 8
9438 942 7 6
9440 19973 10 9
9446 2930 8 6
9448 1639 7 6
9456 143 3 2
9459 1639 9 8
9464 1639 8 7
9470 2930 10 9
9481 9925 7 6
9481 659 -1 10
9486 1639 -1 10
9499 1137 9 7
9509 707 10 8
9534 1639 9 7
9538 942 -1 10
9540 74 4 3
9547 1639 9 6
9564 1639 10 9
9567 1639 8 7
9570 1639 4 3
9578 19025 6 5
9578 7208 9 8
9580 14391 10 9
9590 1639 7 6
9593 364 9 8
9600 8289 7 6
9601 17298 9 8
9607 15995 9 8
9615 1639 6 4
9616 1639 -1 9
9618 942 4 3
9635 2930 5 4
9635 74 10 9
9661 1525 8 7
9677 1639 -1 10
9682 10746 6 5
9706 2851 3 2
9714 189 5 4
9720 8289 5 4
9731 1639 4 3
9740 1639 -1 10
9750 306 -1 10
9755 1639 4 3
9755 1137 -1 10
9770 486 -1 10
9782 1639 9 8
9797 20540 10 9
9815 2930 6 5
9827 143 5 4
9827 2930 7 6
9835 74 8 7
9840 707 -1 10
9849 380 -1 10
9872 1639 7 6
9884 1639 -1 10
9888 7893 9 8
9893 5881 5 4
9895 19973 2 1
9898 143 10 7
9901 2930 7 6
9902 189 -1 9
9920 143 8 7
9922 143 8 6
9922 970 -1 9
9928 707 5 4
9931 13427 6 5
9950 1639 4 3
9953 9917 9 8
9957 707 -1 9
9960 486 7 6
9962 189 8 6
9965 14891 6 5
9966 922 8 7
9975 1639 9 8
9988 1639 -1 10
9991 17298 -1 10
9992 707 -1 10
10004 707 -1 9
10008 189 7 6
10012 15995 5 4
10014 18641 -1 9
10017 1639 -1 10
10037 1639 8 7
10045 1216 9 6
10050 707 10 9
10053 7723 -1 10
10062 942 4 3
10080 707 8 7
10086 2851 9 8
10087 143 9 8
10095 9928 8 7
10097 19051 6 5
10119 19973 5 4
10129 1639 6 5
10136 707 2 1
10138 7208 8 7
10138 4132 -1 10
10139 1639 -1 10
10145 707 2 1
10160 707 -1 10
10166 7262 4 3
10172 970 -1 10
10176 19973 9 8
10197 1639 9 8
10198 1639 6 5
10221 15491 4 3
10231 189 7 6
10238 1639 5 4
10242 14170 10 9
10247 19173 4 3
10250 19973 4 3
10251 707 4 2
10257 707 -1 10
10258 143 8 7
10261 2930 -1 10
10262 189 2 1
10274 447 2 1
10275 707 9 8
10281 1639 7 6
10282 19973 -1 10
10289 1639 3 2
10289 20265 9 8
10309 3799 2 1
10312 1639 10 7
10314 225 8 7
10317 1639 -1 10
10325 1639 3 2
10336 4132 10 9
10343 1639 4 3
10344 189 3 2
10364 13912 -1 10
10366 1639 9 8
10367 19049 7 6
10377 1639 5 4
10389 225 -1 10
10392 17298 8 7
10395 189 4 3
10395 942 7 6
10396 1216 -1 10
10403 3799 9 8
10403 5109 10 9
10432 4132 -1 10
10443 380 -1 10
10456 7893 4 3
10460 9641 10 9
10464 17298 8 7
10491 12630 2 1
10493 6423 10 9
10495 17374 5 4
10496 1639 6 5
10502 707 10 9
10505 1639 6 5
10506 486 10 9
10533 1002 7 6
10533 447 10 9
10552 707 7 6
10562 9601 8 7
10567 18641 8 7
10580 707 -1 9
10583 1592 9 8
10606 1639 7 6
10615 189 3 2
10616 942 8 7
10620 922 9 8
10624 17298 3 2
10633 1639 5 4
10655 1639 9 8
10662 1639 5 4
10664 17298 5 4
10668 14891 10 9
10669 707 9 8
10676 707 -1 10
10679 1639 9 8
10682 16807 10 9
10685 16414 8 7
10706 707 -1 9
10713 1528 9 8
10715 1639 7 6
10719 1639 5 4
10720 1639 5 4
10725 1639 6 5
10738 1592 -1 10
10739 942 -1 10
10741 4515 7 6
10742 942 7 6
10743 1639 10 9
10756 16417 -1 10
10771 13912 8 7
10771 1639 -1 10
10778 8115 9 8
10779 942 10 9
10780 74 3 2
10793 7893 6 5
10810 9917 4 3
10811 189 3 2
10823 707 3 2
10834 18401 6 5
10839 1639 6 5
10848 19049 -1 10
10859 1639 6 5
10863 189 3 2
10879 707 -1 10
10888 8798 7 6
10892 1639 -1 10
10900 707 -1 10
10905 16414 -1 10
10906 6423 3 2
10927 13912 -1 10
10939 11767 7 6
10940 11767 9 8
10941 1639 9 7
10946 1639 4 3
10950 1639 7 6
10955 942 8 7
10955 225 -1 10
10958 1639 8 7
10961 1639 -1 10
10963 9917 5 4
10967 1639 2 1
10972 2930 2 1
10975 7893 3 2
10975 7262 4 3
10979 189 3 2
10982 942 5 4
11021 12462 10 9
11025 143 9 8
11030 12563 -1 10
11035 8289 6 5
11036 707 7 4
11036 1639 8 7
11038 1639 7 6
11057 1002 -1 10
11059 8289 4 3
11060 1639 9 6
11064 5881 9 8
11072 143 -1 10
11073 143 9 8
11084 19973 5 4
11089 2930 9 8
11099 1528 4 3
11126 1639 8 7
11128 942 10 9
11137 74 8 6
11143 74 -1 10
11151 4060 8 7
11155 7673 -1 10
11167 1639 -1 10
11170 942 10 9
11182 1639 8 7
11196 74 7 6
11203 1450 -1 10
11215 143 9 8
11222 143 -1 10
11227 1528 9 8
11247 1639 10 8
11256 20540 9 8
11264 13685 3 2
11264 9917 4 3
11264 16020 5 4
11264 11970 6 5
11264 14170 7 6
11264 7893 8 7
11264 18496 9 8
11264 7006 10 9
11264 20265 -1 10
11269 143 4 3
11269 7893 6 5
11290 1639 9 8
11292 16807 10 9
11293 707 4 3
11300 6423 10 9
11310 189 8 5
11313 143 3 2
11315 486 -1 10
11317 15995 6 5
11325 1639 6 5
11332 18147 -1 10
11335 2851 5 4
11343 942 8 6
11348 1639 9 8
11366 9917 5 4
11367 13685 7 6
11381 10384 10 9
11385 1639 5 4
11385 5881 10 9
11391 380 -1 10
11397 17298 8 7
11407 1639 4 3
11410 1639 7 6
11418 2930 3 2
11418 1525 10 9
11419 707 6 5
11426 1639 7 6
11448 486 2 1
11448 707 7 6
11457 74 9 7
11457 15002 10 9
11457 143 -1 10
11460 16631 2 1
11464 8289 6 5
11467 380 7 6
11479 189 7 5
11484 15543 10 9
11494 19973 3 2
11499 486 8 7
11505 447 5 3
11508 707 6 5
11510 143 9 8
11521 1639 3 2
11521 7893 6 5
11529 1639 7 6
11532 143 10 9
11536 143 -1 10
11538 1639 4 2
11550 143 8 7
11550 380 9 8
11560 219 -1 10
11582 1639 8 7
11588 1639 9 8
11590 19025 9 8
11593 1639 10 8
11601 20265 2 1
11603 1639 -1 10
11604 5 -1 10
11610 9925 -1 10
11615 11126 10 9
11631 364 9 8
11633 15543 7 6
11636 74 7 6
11646 6423 8 7
11651 74 -1 10
11667 143 6 5
11672 1639 7 6
11679 8115 2 1
11679 8289 3 2
11688 12630 10 9
11695 143 6 5
11698 1639 -1 10
11699 1639 8 7
11699 707 10 9
11702 5881 10 9
11708 1639 10 8
11717 2930 8 7
11718 4556 9 8
11719 8221 10 9
11723 189 5 4
11724 1639 8 7
11725 1639 3 2
11732 143 8 7
11733 143 6 5
11737 942 10 9
11739 189 5 4
11744 2930 7 6
11745 189 7 6
11756 3799 -1 10
11758 1639 9 8
11759 17298 4 3
11762 1639 9 8
11765 19973 10 9
11771 189 9 8
11772 15754 6 5
11776 2930 6 5
11781 1639 9 8
11797 219 10 9
11813 17298 4 3
11813 8237 10 9
11828 17410 10 9
11832 1592 7 6
11833 17298 -1 10
11840 20265 4 3
11842 942 10 8
11856 1639 4 3
11857 2930 10 9
11858 7262 7 6
11861 17298 7 6
11863 6146 3 2
11863 9181 4 3
11863 15543 5 4
11863 19658 6 5
11863 18505 7 6
11863 9925 8 7
11863 970 9 8
11863 7208 10 9
11863 161 -1 10
11865 447 3 2
11872 1639 7 6
11880 1639 7 6
11890 1639 8 7
11892 247 6 5
11903 2930 4 3
11904 2851 10 9
11910 1639 8 7
11911 10093 7 6
11917 970 -1 10
11927 1639 6 5
11931 189 -1 9
11949 12630 8 7
11950 1291 10 9
11950 1639 -1 10
11968 1592 9 8
11973 189 10 9
11975 942 8 7
11995 1639 5 4
12002 1639 9 6
12026 74 7 5
12033 942 9 8
12034 74 3 2
12037 189 -1 9
12038 10093 -1 10
12051 12630 10 9
12053 447 10 9
12057 189 9 8
12065 17374 5 4
12068 143 6 5
12078 707 7 6
12085 942 -1 10
12094 74 10 9
12096 13685 -1 10
12103 1639 8 7
12104 189 2 1
12104 14038 9 8
12107 937 7 6
12122 8115 6 5
12125 942 4 3
12129 1639 10 8
12144 942 8 7
12155 189 9 8
12159 19973 9 8
12175 2851 4 3
12192 1639 6 5
12197 707 10 8
12199 4207 8 7
12202 189 6 5
12204 707 10 9
12210 707 10 8
12228 1525 5 4
12230 17298 6 5
12232 1639 -1 10
12234 942 -1 10
12239 1528 4 3
12240 1639 -1 10
12254 1639 6 5
12285 1639 10 9
12288 3799 8 7
12292 74 -1 10
12301 189 9 8
12310 12725 8 7
12311 143 8 7
12316 5881 7 6
12319 707 -1 10
12330 5881 7 6
12333 707 -1 9
12338 5881 -1 10
12342 1151 10 9
12345 9601 8 7
12352 143 5 4
12359 397 -1 9
12361 18147 -1 10
12366 20540 4 3
12381 189 9 8
12384 1639 4 3
12392 1639 10 9
12394 7262 10 9
12397 1241 10 9
12399 20265 5 4
12400 4132 8 7
12404 5857 -1 10
12405 74 5 4
12421 13427 6 5
12423 9601 4 3
12427 10223 -1 10
12432 10093 9 8
12434 189 8 7
12435 1525 9 8
12439 1639 7 5
12449 15972 9 8
12455 7262 7 6
12457 1639 -1 10
12477 1639 6 5
12480 1639 10 9
12486 4060 -1 10
12488 5869 -1 10
12502 14891 -1 10
12509 1639 7 6
12510 707 6 5
12516 1639 5 4
12536 7262 6 5
12543 1639 10 8
12551 17410 7 6
12551 1639 10 8
12552 143 10 9
12556 380 10 9
12563 707 -1 10
12566 1002 -1 10
12591 1639 5 4
12616 447 9 8
12617 247 9 8
12619 380 10 9
12629 1639 9 8
12634 189 7 6
12635 13685 3 2
12656 1639 3 2
12663 1639 5 4
12666 942 4 3
12669 74 10 9
12675 189 -1 10
12676 9601 5 4
12678 1639 9 8
12684 1639 3 2
12692 1639 9 8
12701 1525 4 3
12705 17298 -1 10
12714 74 -1 10
12720 74 7 6
12721 1639 5 4
12722 14170 -1 10
12731 12630 7 6
12743 143 10 9
12744 11324 9 8
12746 189 6 5
12746 2658 8 7
12754 707 7 5
12761 1639 7 5
12762 189 -1 10
12768 1802 7 6
12772 7262 5 4
12780 7006 10 9
12782 189 9 7
12784 1639 6 5
12790 707 4 3
12807 19973 6 5
12813 707 4 3
12823 1639 6 5
12827 15995 -1 10
12834 1639 7 5
12844 20265 8 7
12846 1639 5 4
12851 1639 9 8
12860 1525 9 7
12864 1639 -1 10
12870 219 8 6
12886 1639 6 5
12891 13685 5 4
12892 9601 7 6
12903 189 7 6
12909 189 10 9
12914 13696 4 3
12924 1639 8 6
12935 942 7 6
12937 15543 3 2
12937 18505 4 3
12939 1639 8 6
12956 364 7 5
12978 20265 8 7
12985 189 -1 10
12991 1639 2 1
13002 20265 3 2
13005 447 9 7
13016 189 5 4
13018 143 -1 10
13020 1525 10 9
13023 1639 9 8
13024 15491 7 6
13043 1216 6 4
13049 7262 5 4
13050 1291 10 9
13056 707 -1 7
13072 942 10 9
13088 707 7 6
13105 189 9 8
13107 1639 8 7
13108 707 9 8
13111 922 9 8
13117 5 10 9
13124 380 6 5
13124 1639 -1 10
13127 1639 9 7
13133 14628 10 9
13153 189 10 9
13154 2851 5 4
13156 9925 5 4
13163 74 10 8
13166 9181 -1 10
13174 1568 8 7
13176 143 3 2
13187 1639 4 3
13196 486 4 3
13197 7262 10 9
13201 19973 3 2
13202 1639 7 5
13206 19973 8 7
13214 1639 10 9
13228 189 3 2
13233 143 10 9
13237 10746 7 6
13241 6423 6 5
13241 143 8 7
13245 17298 6 5
13246 1639 7 6
13248 2851 10 9
13256 18147 8 7
13260 2930 6 5
13260 15543 8 7
13271 1639 9 8
13276 8289 3 2
13278 143 8 7
13292 20540 6 5
13293 1592 5 4
13302 3799 5 4
13311 17410 -1 10
13341 14170 10 9
13342 143 10 9
13349 1639 6 5
13356 1639 4 3
13372 143 8 7
13381 12574 10 9
13391 74 6 5
13398 189 10 9
13399 1639 2 1
13405 189 7 6
13413 1639 3 2
13413 6276 10 8
13420 189 5 4
13424 942 5 4
13428 1639 7 6
13434 5826 10 9
13438 19892 6 5
13442 1639 9 8
13446 707 8 7
13462 74 5 4
13462 10093 7 6
13463 1639 8 7
13465 1151 9 8
13469 143 4 3
13470 942 6 5
13473 5399 10 9
13479 7006 10 9
13480 447 6 5
13483 20265 9 8
13484 189 5 4
13492 189 5 4
13493 707 4 3
13496 1639 6 5
13500 447 8 7
13503 1639 9 8
13512 1639 6 5
13517 970 6 5
13518 20265 2 1
13520 1639 9 8
13526 19783 5 4
13527 1137 -1 9
13546 942 5 4
13554 14248 4 3
13558 2930 6 5
13570 17298 9 8
13578 15995 2 1
13579 380 9 8
13583 1639 -1 10
13594 1639 10 9
13603 1639 9 8
13604 16414 -1 10
13609 1639 6 5
13628 189 -1 10
13631 4265 8 7
13636 1639 4 3
13636 7006 10 9
13649 143 8 6
13654 15831 9 8
13656 6443 4 3
13665 397 10 9
13679 1639 6 5
13686 5881 7 6
13689 447 10 9
13691 143 9 8
13708 922 -1 10
13714 1639 4 3
13717 189 7 6
13721 9917 5 4
13725 7262 7 6
13734 8115 2 1
13741 6423 8 7
13744 1639 7 6
13746 20540 8 7
13761 189 6 5
13762 1639 10 9
13763 970 -1 10
13768 942 6 5
13768 1639 9 8
13771 5 -1 10
13776 143 9 7
13784 486 -1 9
13797 1639 4 3
13806 5826 9 8
13808 2327 10 9
13813 189 10 9
13815 659 6 5
13823 2930 8 6
13824 14891 5 4
13826 189 2 1
13837 143 -1 10
13854 1639 7 6
13874 1241 6 5
13877 16414 5 4
13880 1639 5 4
13884 13685 6 5
13885 1639 8 7
13887 8115 4 3
13891 20540 3 2
13891 707 9 7
13897 18401 7 6
13898 707 8 7
13904 17374 10 9
13916 1639 10 9
13920 8157 10 9
13939 942 -1 9
13945 17298 6 5
13947 20265 10 9
13966 5 7 5
13970 1639 -1 10
13981 1639 5 4
13981 707 7 6
13982 707 6 5
13986 14891 8 7
13988 143 9 8
13993 1137 8 7
14008 143 9 8
14013 707 5 4
14018 1639 4 3
14024 7893 -1 10
14026 1802 7 6
14039 19049 6 5
14043 1423 -1 10
14054 189 7 6
14062 10258 5 4
14062 1216 8 7
14066 1639 -1 10
14091 189 9 8
14107 189 6 4
14124 486 8 6
14132 1639 10 9
14139 1639 8 7
14140 6266 -1 10
14141 7006 -1 10
14147 19973 4 3
14158 2930 -1 10
14173 1137 6 4
14176 14248 7 6
14181 18147 9 8
14185 143 5 3
14191 189 10 8
14196 17298 3 2
14196 189 9 8
14209 143 9 8
14215 447 7 6
14224 19049 6 5
14227 707 8 6
14230 2930 3 2
14236 1639 7 6
14237 1639 8 7
14253 143 -1 10
14257 7673 8 7
14258 8115 9 8
14260 3799 -1 10
14272 14170 4 3
14277 1639 8 7
14282 18505 -1 10
14306 1639 -1 9
14313 13685 7 6
14325 2851 8 7
14329 942 9 8
14338 7208 10 9
14351 1639 8 7
14353 942 9 8
14356 942 5 4
14364 659 6 5
14364 17618 7 6
14364 13685 8 7
14364 14891 9 8
14364 15543 10 9
14364 9601 -1 10
14370 15543 2 1
14382 19025 4 3
14384 1639 10 9
14400 7893 -1 10
14404 707 10 8
14406 1592 8 7
14419 707 9 8
14436 9917 10 9
14441 74 10 8
14451 1639 8 7
14452 1639 9 8
14458 74 5 4
14482 8115 10 9
14483 143 -1 10
14486 14891 6 5
14490 17663 10 9
14503 219 -1 10
14515 380 -1 10
14516 15543 7 6
14523 19973 7 6
14531 189 8 7
14532 1639 10 9
14537 19012 8 7
14539 1639 2 1
14544 17298 10 9
14548 486 3 2
14548 17618 7 6
14556 74 -1 10
14561 143 7 5
14586 17374 -1 10
14587 7262 10 9
14587 8115 -1 10
14597 14891 -1 10
14598 1639 9 8
14602 7262 4 3
14603 189 5 4
14612 10093 10 9
14612 18641 -1 10
14613 189 7 6
14616 4132 -1 10
14629 189 9 8
14638 17618 10 9
14645 18496 5 4
14649 1639 -1 8
14659 189 7 6
14660 16631 10 9
14668 8115 8 7
14678 1639 -1 10
14685 1639 5 4
14689 20265 7 6
14711 1568 -1 10
14721 18147 2 1
14723 143 6 5
14735 1639 2 1
14757 18496 10 9
14761 5109 5 4
14761 143 8 6
14768 2851 6 5
14769 1639 8 7
14775 707 4 2
14779 5881 8 7
14788 143 8 7
14791 707 10 8
14813 486 8 7
14827 4515 9 8
14833 942 6 5
14835 189 5 4
14844 189 -1 8
14853 1639 5 4
14858 16414 -1 10
14867 6423 4 3
14871 707 9 8
14873 1639 5 4
14881 13685 9 8
14890 143 3 2
14892 14170 9 8
14893 189 10 9
14897 1639 -1 9
14899 2079 9 8
14906 942 -1 10
14914 2930 -1 10
14915 1639 -1 8
14919 1639 8 7
14920 1639 6 4
14922 17298 6 5
14922 5881 10 9
14924 1639 -1 10
14927 1639 9 8
14931 1639 2 1
14933 189 8 7
14940 19012 -1 10
14950 17298 4 3
14960 7006 9 8
14978 143 -1 10
14990 20539 10 9
14990 12630 -1 10
14991 16807 -1 10
14996 3799 5 4
15001 7893 4 3
15001 14891 5 4
15001 9917 6 5
15001 9601 7 6
15001 13912 8 7
15001 19173 9 8
15001 1639 10 9
15001 7346 -1 10
15006 1639 -1 10
15011 13696 3 2
15027 2930 8 7
15041 9181 5 4
15041 18401 8 7
15046 1639 9 8
15046 143 -1 10
15050 5881 -1 10
15056 707 8 6
15072 1639 10 9
15086 189 8 6
15089 2930 9 7
15096 2930 9 8
15102 1639 2 1
15103 942 6 5
15107 189 9 7
15108 942 9 7
15113 8221 10 9
15115 17298 10 9
15132 1592 -1 10
15134 1450 9 8
15138 1639 6 5
15145 189 9 8
15146 4265 -1 10
15147 17618 -1 10
15157 2930 10 9
15181 1639 6 5
15184 7346 7 6
15184 942 9 8
15186 1639 10 9
15193 1639 -1 10
15199 8115 10 9
15200 13696 -1 10
15211 2930 9 8
15222 447 -1 9
15237 17298 9 8
15239 1639 9 8
15239 143 10 9
15240 8115 5 4
15253 17298 10 9
15260 1639 6 5
15271 189 8 7
15280 189 2 1
15286 707 -1 10
15310 189 -1 10
15314 14248 7 6
15315 9925 -1 10
15318 5881 10 9
15339 1639 9 7
15346 2930 4 3
15348 2851 6 5
15357 2327 7 6
15362 19059 6 5
15362 1639 8 7
15365 942 8 7
15368 1639 6 5
15374 942 -1 10
15375 17298 4 3
15382 20265 9 8
15402 707 -1 9
15407 143 6 5
15412 7006 -1 10
15415 7122 5 4
15422 707 8 7
15432 1639 2 1
15438 355 10 9
15464 20265 9 8
15470 1639 7 6
15475 189 3 2
15477 707 9 8
15481 74 7 6
15492 1639 7 5
15494 7208 -1 10
15503 1639 7 6
15518 143 3 2
15521 143 6 5
15525 161 10 9
15536 20265 7 6
15538 1137 10 9
15560 15831 8 7
15564 74 7 6
15568 189 9 8
15583 1639 5 4
15595 6423 7 6
15596 942 -1 10
15618 1639 10 8
15642 486 8 7
15647 14038 -1 10
15654 942 -1 10
15656 1639 6 5
15656 707 -1 10
15658 447 -1 10
15665 1639 2 1
15670 1639 9 8
15671 2851 6 5
15675 2930 6 5
15689 1639 6 5
15691 1639 9 8
15701 16020 7 6
15703 1639 8 7
15711 2930 -1 10
15721 10093 -1 10
15722 486 -1 10
15726 15543 9 8
15739 7844 7 6
15743 189 6 4
15746 1137 -1 10
15749 5826 -1 10
15762 189 6 5
15768 659 -1 10
15769 19012 10 9
15770 1639 8 6
15773 19658 9 8
15782 15543 3 2
15782 161 4 3
15788 189 -1 10
15796 74 10 8
15800 143 10 9
15801 1525 10 9
15801 189 -1 10
15803 2930 5 4
15812 922 6 5
15817 189 10 9
15822 189 9 8
15829 143 6 5
15831 380 9 8
15832 6603 -1 10
15842 19060 6 5
15843 707 4 3
15845 18147 -1 10
15852 12630 10 9
15854 14891 10 9
15856 17298 10 9
15859 1639 9 8
15866 1639 8 7
15867 4515 -1 10
15870 1592 6 5
15871 143 8 7
15876 2930 10 9
15877 447 10 9
15881 189 -1 10
15883 16807 10 8
15904 12630 -1 10
15906 12462 9 8
15907 1639 10 9
15909 1528 -1 10
15913 19012 7 6
15916 1639 6 5
15917 1639 -1 10
15918 707 8 7
15919 16020 6 5
15919 1137 10 9
15921 14170 8 7
15927 707 -1 9
15935 937 10 7
15946 1639 10 9
15947 1639 6 5
15956 486 7 6
15964 922 -1 10
15966 12674 6 5
15967 74 7 6
15973 5 10 9
15976 1639 10 9
15979 1639 8 6
15984 1639 -1 9
15988 74 4 3
15995 1639 10 9
16002 707 -1 10
16010 6263 10 9
16016 20540 10 9
16035 189 6 5
16042 707 -1 9
16045 2930 -1 10
16058 1639 5 4
16069 8115 10 9
16078 1639 6 4
16079 7673 -1 10
16087 143 10 9
16093 189 8 7
16097 1639 8 7
16115 51 7 6
16116 1639 5 3
16119 1639 7 6
16128 20539 8 7
16143 707 -1 10
16152 143 8 6
16167 17298 -1 10
16170 74 8 7
16179 1639 6 5
16183 143 4 3
16203 13685 -1 10
16208 486 -1 10
16209 13427 8 7
16218 16297 7 6
16219 189 6 5
16223 1639 3 2
16223 707 -1 10
16230 74 4 3
16230 3103 9 8
16231 189 -1 9
16237 380 -1 9
16240 5881 8 7
16246 2930 9 8
16259 5826 5 4
16278 707 5 4
16281 2930 6 5
16301 2851 10 9
16304 1639 7 6
16312 1639 -1 9
16316 2851 -1 10
16318 2851 3 2
16322 1639 10 9
16323 1525 7 6
16330 17374 6 5
16332 1639 5 4
16333 74 5 4
16336 486 9 8
16346 189 8 7
16350 5881 8 7
16361 5857 6 5
16369 942 6 5
16375 1639 9 7
16380 19060 -1 10
16395 942 3 2
16397 189 5 4
16400 13685 8 7
16412 1639 -1 10
16420 1241 10 8
16421 9181 -1 10
16422 2164 -1 10
16431 189 -1 10
16433 17298 8 7
16457 74 6 4
16460 1639 9 8
16462 1639 -1 10
16465 5327 10 9
16470 1639 4 3
16474 1639 -1 10
16480 4060 10 9
16481 189 10 9
16485 19892 8 7
16491 659 9 8
16492 16807 10 9
16493 1639 5 4
16507 10746 6 5
16514 707 5 4
16521 189 10 9
16525 1639 6 5
16525 7893 -1 10
16529 6263 7 6
16530 19973 3 2
16536 19658 9 8
16539 13685 9 8
16540 18147 6 5
16560 14391 8 7
16560 9641 -1 10
16564 7262 9 8
16574 20265 8 7
16581 1216 5 4
16583 7893 8 7
16584 1639 4 3
16601 447 8 7
16607 74 -1 10
16611 1639 10 9
16618 1528 -1 10
16623 707 2 1
16624 2327 8 7
16633 1639 10 9
16643 1639 8 7
16646 3799 10 9
16647 74 10 9
16649 447 -1 9
16656 17298 4 3
16661 15002 7 6
16661 364 10 8
16674 143 7 6
16684 942 -1 10
16703 1639 -1 10
16704 6423 8 7
16717 2851 10 9
16718 5881 5 4
16725 74 3 2
16725 189 8 7
16726 18505 -1 10
16727 380 9 7
16727 12322 10 9
16736 707 5 4
16746 51 10 8
16752 4558 -1 10
16753 3525 9 8
16755 1639 9 8
16758 707 8 7
16762 2658 6 5
16770 7208 -1 10
16772 9601 8 7
16787 380 8 7
16792 5881 10 9
16793 7262 8 7
16796 189 6 5
16806 1639 7 5
16807 16807 6 5
16808 970 7 6
16816 9917 2 1
16825 942 10 9
16838 19973 10 9
16859 189 10 9
16860 74 -1 10
16871 942 -1 9
16874 189 9 6
16875 7999 -1 10
16884 189 5 4
16890 7006 8 7
16893 1592 9 8
16898 15057 8 7
16903 486 9 8
16908 1639 5 4
16908 20265 -1 10
16921 1639 3 2
16924 189 7 6
16931 143 5 4
16935 707 -1 10
16954 143 9 8
16957 5826 7 6
16968 17298 10 9
16979 20265 -1 10
16983 1639 10 9
16987 189 8 7
16992 1639 10 9
16994 1639 6 5
16999 1639 7 6
17000 18048 10 9
17006 19973 7 6
17010 14891 10 9
17011 8115 10 9
17015 1151 10 9
17016 1639 4 3
17019 2658 8 7
17019 707 -1 10
17021 19049 9 8
17024 189 2 1
17025 2930 4 3
17025 10770 -1 10
17045 1639 -1 10
17050 17298 3 2
17052 2930 7 6
17057 15543 4 3
17058 189 8 7
17071 1639 6 5
17072 1592 6 5
17075 12283 10 9
17087 1639 5 4
17093 942 7 6
17106 707 3 2
17122 1639 2 1
17148 707 6 5
17158 143 5 4
17160 1639 9 8
17166 9601 -1 10
17173 1639 8 7
17179 189 8 7
17179 10093 -1 10
17180 340 -1 10
17188 189 3 2
17197 4515 6 5
17201 7262 5 4
17205 17410 8 7
17205 189 10 8
17206 942 10 9
17214 74 10 8
17216 7494 8 7
17224 5881 3 2
17227 11767 7 6
17231 143 7 5
17232 20265 9 8
17240 143 7 6
17241 143 6 5
17245 17374 6 5
17245 11694 10 9
17254 8115 3 2
17265 15995 9 8
17272 189 8 7
17276 18505 10 9
17279 2851 3 2
17297 1639 8 7
17299 189 8 7
17305 942 8 7
17310 189 10 9
17312 1639 6 5
17323 707 7 6
17323 659 9 8
17338 2930 5 4
17338 143 7 6
17339 1639 7 6
17343 1525 7 6
17346 16486 7 6
17351 7111 8 7
17353 1639 10 9
17362 14963 5 4
17365 12630 5 4
17369 707 3 2
17369 17298 9 8
17369 1137 -1 10
17372 1639 5 4
17391 19012 6 5
17394 1639 4 3
17398 12322 2 1
17403 1639 -1 9
17417 1291 9 8
17457 1639 5 4
17465 1639 10 9
17476 6423 8 7
17476 13912 9 8
17477 8115 -1 10
17480 1802 6 5
17483 2930 8 7
17487 16807 7 6
17489 19973 9 8
17489 12725 10 9
17497 189 2 1
17497 143 -1 8
17504 74 -1 10
17507 2930 -1 10
17517 189 -1 10
17518 1639 8 7
17538 9917 10 9
17550 189 -1 9
17560 15002 3 2
17560 143 5 4
17562 1639 4 3
17596 189 2 1
17615 942 -1 10
17624 19973 3 2
17627 707 7 6
17627 3980 -1 10
17632 14891 7 6
17642 1525 6 5
17644 707 3 2
17645 5014 10 9
17651 189 4 3
17652 1639 -1 10
17654 12725 10 9
17655 9917 3 2
17660 18147 6 5
17665 5 -1 10
17672 189 3 2
17672 12462 9 8
17681 8115 7 6
17684 922 -1 10
17687 20265 4 3
17694 970 9 8
17703 74 8 6
17720 189 5 4
17726 447 3 1
17726 20265 9 8
17730 20265 9 8
17735 1639 8 7
17759 6423 10 9
17763 9917 9 8
17767 1528 9 8
17768 74 6 4
17770 1639 6 5
17770 143 9 8
17775 2851 10 9
17778 20265 9 8
17784 143 9 8
17787 707 4 3
17797 9925 8 7
17797 1639 -1 10
17803 19973 -1 10
17805 13685 7 6
17807 1639 -1 10
17810 1639 8 7
17811 15543 7 6
17818 1592 8 7
17822 707 -1 9
17833 2930 5 4
17834 707 7 6
17835 20265 8 7
17842 9601 9 8
17845 9641 6 5
17847 143 2 1
17847 7893 4 3
17862 143 3 2
17862 5881 -1 10
17863 12725 4 3
17864 6423 -1 10
17878 1639 5 4
17880 1639 7 6
17890 2930 7 6
17893 707 10 9
17904 9601 -1 10
17906 143 8 7
17910 1639 3 2
17917 189 -1 10
17918 1639 -1 10
17930 1639 7 6
17932 1639 9 8
17938 189 -1 10
17942 942 4 3
17950 1639 8 7
17952 143 8 7
17954 707 3 2
17973 1151 4 3
18001 189 9 8
18003 189 4 3
18003 74 -1 10
18011 12725 10 9
18012 2851 -1 10
18029 384 -1 10
18039 380 8 7
18041 659 3 2
18045 1639 -1 9
18046 1528 5 4
18049 1639 -1 9
18052 707 9 8
18054 8115 10 9
18058 8221 4 3
18058 16166 5 4
18058 8176 6 5
18058 17298 7 6
18058 12462 8 7
18058 2851 9 8
18058 16807 10 9
18058 19973 -1 10
18064 1639 7 6
18066 1639 5 4
18076 1291 9 8
18079 18847 7 6
18084 1639 8 7
18097 12630 8 7
18106 1639 8 7
18110 1639 9 8
18117 942 8 7
18134 1639 10 9
18138 942 9 8
18141 20265 8 7
18143 1525 10 9
18155 189 10 9
18160 5881 5 4
18162 970 -1 10
18170 17410 -1 10
18183 1639 9 8
18192 15972 9 8
18194 942 8 7
18195 1639 -1 10
18205 19973 9 8
18209 14891 6 5
18212 7332 9 8
18215 189 4 3
18243 1639 10 9
18244 17298 5 4
18250 19973 7 6
18255 1639 10 9
18265 707 -1 9
18267 942 5 4
18277 1639 9 7
18282 189 -1 8
18284 1639 -1 10
18288 51 10 9
18289 19973 -1 10
18290 5881 9 8
18293 1639 8 6
18294 7494 9 8
18299 1639 8 7
18301 5881 9 8
18303 143 10 9
18309 447 10 8
18316 16414 10 9
18317 9917 3 2
18318 20265 6 5
18340 9917 7 6
18344 8115 3 2
18350 1639 10 9
18355 380 7 6
18361 942 6 5
18361 1639 10 9
18366 1639 9 7
18375 189 9 8
18381 143 9 8
18385 9601 4 3
18393 707 9 7
18396 942 7 6
18403 9917 8 7
18405 1639 -1 9
18406 922 9 8
18420 380 5 4
18423 16807 9 8
18434 74 4 3
18438 7006 4 3
18448 2327 10 9
18451 1639 7 6
18453 1639 -1 10
18463 1639 5 4
18475 1639 -1 10
18477 486 10 8
18482 1568 4 3
18483 20265 2 1
18486 3745 4 3
18487 16807 9 8
18497 189 8 7
18498 17410 -1 10
18499 1639 7 6
18506 189 -1 10
18525 1639 8 7
18526 189 4 3
18529 447 9 8
18536 9925 5 4
18551 1639 6 5
18555 1639 6 5
18555 18421 10 9
18558 143 4 3
18575 707 6 5
18577 1639 -1 10
18584 942 2 1
18587 9917 -1 10
18595 1639 8 7
18597 17298 7 6
18604 8115 8 7
18605 12462 10 9
18611 1639 6 5
18620 1639 4 3
18622 16631 6 5
18622 9641 7 6
18622 13685 8 7
18622 14170 9 8
18622 161 10 9
18622 18496 -1 10
18636 9917 8 7
18640 17410 7 6
18660 1639 9 7
18664 143 9 8
18674 17410 9 8
18688 942 10 9
18689 74 10 9
18696 1639 10 9
18705 189 5 4
18718 74 10 9
18723 1639 -1 10
18732 707 10 9
18735 143 -1 10
18760 707 8 7
18768 942 5 4
18775 364 7 5
18784 1639 8 7
18798 5881 4 3
18798 707 7 6
18799 1592 4 3
18802 4515 -1 10
18810 942 5 4
18819 1639 10 9
18820 1639 6 5
18821 19973 8 7
18822 15831 5 4
18826 970 -1 10
18832 1639 6 5
18832 4807 -1 10
18834 1528 9 8
18835 20265 5 4
18838 1639 4 3
18839 1639 4 3
18843 3222 10 9
18844 13912 6 5
18852 15995 9 8
18853 19973 8 7
18862 942 10 9
18863 486 -1 10
18870 17298 3 2
18871 5881 8 7
18874 13149 8 7
18879 707 -1 9
18883 143 6 5
18889 17391 7 6
18896 143 6 5
18896 15543 8 7
18900 2851 8 7
18901 7006 3 2
18914 942 10 8
18921 942 9 8
18922 143 8 7
18922 12630 9 8
18925 1639 9 8
18930 1639 -1 10
18931 10889 10 9
18933 74 3 2
18933 8176 6 5
18951 5881 5 4
18960 1639 9 8
18967 942 10 9
18973 1528 10 9
18973 8289 -1 10
18981 447 10 9
18991 1639 8 6
19003 1639 -1 10
19004 15995 10 9
19005 1639 5 4
19007 1639 9 8
19027 2930 6 5
19030 18147 2 1
19043 1639 -1 10
19049 14248 10 9
19056 18401 9 8
19057 13685 7 6
19059 9917 5 4
19059 1639 9 7
19059 1291 -1 10
19060 1639 10 9
19069 707 -1 8
19075 143 -1 9
19081 1639 5 4
19083 16756 -1 10
19094 17663 -1 10
19095 19049 9 8
19096 942 7 6
19108 1639 7 6
19114 2930 3 2
19119 189 8 7
19124 8402 -1 10
19126 707 3 2
19128 447 5 4
19134 1639 9 8
19137 189 6 4
19144 51 -1 10
19162 189 3 2
19173 1639 7 6
19175 74 8 7
19181 1639 4 3
19185 15543 3 2
19193 14170 6 5
19199 189 9 8
19207 2851 -1 10
19213 4132 -1 10
19221 7999 7 6
19224 707 5 4
19236 20265 10 9
19240 9601 10 9
19261 1639 9 7
19266 9917 7 6
19267 707 10 7
19269 189 -1 10
19282 7208 10 9
19292 143 9 8
19313 1639 8 7
19318 20540 4 3
19318 15543 -1 10
19327 8289 -1 10
19332 74 6 4
19366 8809 6 5
19371 1639 7 6
19375 970 9 8
19376 4807 10 9
19389 5881 3 2
19391 1639 4 3
19397 17298 10 9
19423 1639 4 2
19434 9917 6 5
19437 12462 10 9
19440 1639 8 7
19457 14891 9 8
19457 15995 10 9
19467 8115 8 7
19472 486 5 4
19474 143 10 9
19488 1639 7 6
19489 18401 3 2
19491 942 7 6
19495 1639 8 6
19513 18147 8 7
19516 447 5 4
19518 380 -1 10
19523 17298 6 5
19525 707 6 5
19533 14248 5 4
19536 74 7 6
19539 707 5 4
19544 1639 -1 10
19553 143 9 8
19555 1137 10 8
19567 707 5 4
19596 189 -1 10
19599 447 10 9
19607 1639 10 8
19617 12283 7 6
19617 19973 8 7
19617 16807 9 8
19617 14891 10 9
19617 17298 -1 10
19620 189 6 5
19623 143 8 7
19630 51 8 7
19631 1639 -1 8
19634 143 9 8
19638 1639 -1 9
19640 17298 4 3
19645 20265 9 8
19648 1639 5 4
19653 1639 6 5
19654 1639 8 7
19658 143 -1 7
19671 486 5 4
19674 14891 8 7
19678 1639 -1 10
19680 74 8 7
19693 1639 10 9
19699 1639 9 8
19721 10093 8 7
19725 7208 9 8
19729 1639 9 7
19737 189 8 7
19738 1639 2 1
19766 1639 7 6
19791 1639 9 8
19793 1639 4 2
19813 659 9 8
19821 707 4 3
19838 17374 10 9
19842 1639 3 2
19848 1639 9 8
19854 14038 -1 10
19868 4515 10 9
19872 1639 8 7
19879 1639 8 7
19884 447 5 3
19889 1639 5 3
19893 143 -1 9
19897 1639 4 2
19901 2930 9 8
19905 942 4 3
19908 19025 -1 10
19920 5881 9 8
19924 1528 -1 10
19949 942 9 8
19962 1639 -1 10
19964 1137 6 5
19965 51 -1 10
19968 5881 8 7
19968 7262 -1 10
19977 9917 7 6
19989 5826 7 6
19990 4515 10 9
19992 13599 10 9
20004 3799 -1 10
20005 707 -1 10
20018 189 -1 10
20021 5881 8 7
20029 707 9 8
20033 942 5 4
20037 2930 10 9
20039 1639 3 2
20042 189 -1 10
20049 1525 4 3
20054 7673 8 7
20065 189 8 7
20073 1639 7 6
20083 9917 5 4
20089 7262 5 4
20092 189 4 3
20094 143 7 6
20117 942 -1 10
20119 707 8 7
20120 2064 8 7
20123 5881 10 9
20124 15995 5 4
20128 1639 5 4
20146 5881 3 2
20152 707 -1 9
20155 13685 7 6
20164 143 10 9
20180 1525 5 4
20182 1639 8 7
20186 1639 7 6
20187 189 9 8
20187 74 10 9
20190 17391 -1 10
20205 1639 8 7
20207 189 -1 10
20222 17374 10 9
20225 189 3 2
20232 1639 5 4
20241 143 7 6
20256 2930 3 2
20265 16020 -1 10
20271 17618 9 8
20280 7262 -1 10
20292 1528 8 7
20299 2930 -1 10
20309 1639 9 8
20313 20540 8 7
20315 1291 10 9
20321 15995 7 6
20332 1639 8 7
20334 74 10 8
20336 1639 -1 10
20340 707 -1 9
20348 1639 7 6
20351 2851 8 7
20352 8289 10 9
20369 1639 -1 10
20378 189 5 4
20384 1639 7 6
20387 13685 8 7
20391 1592 7 6
20399 1639 8 7
20401 1450 6 5
20401 1639 8 7
20402 2930 9 8
20410 942 9 8
20413 19049 5 4
20417 1639 6 5
20417 707 10 9
20437 7262 5 4
20440 74 9 8
20444 143 -1 10
20459 18641 6 5
20476 74 6 5
20482 74 7 6
20488 707 10 9
20495 7262 2 1
20496 18147 3 2
20497 6263 10 9
20499 707 9 8
20501 20265 10 9
20523 7262 -1 10
20531 17298 -1 10
20546 1639 3 2
20551 707 -1 9
20558 143 7 6
20566 9601 8 7
20578 447 -1 10
20585 143 8 7
20589 2930 9 8
20591 219 10 9
20593 1639 9 8
20594 9917 7 6
20596 189 8 7
20602 942 5 4
20603 707 -1 10
20610 143 3 2
20611 74 -1 10
20615 1639 8 7
20624 1639 7 6
20635 1639 10 8
20637 1639 10 9
20643 2327 6 5
20662 12563 7 6
20682 942 4 3
20701 2930 5 4
20701 18401 8 7
20704 9917 4 3
20713 189 4 3
20723 17298 9 8
20725 74 7 6
20748 14248 10 9
20757 143 9 8
20761 189 -1 10
20762 2327 8 7
20762 1528 -1 10
20763 1639 7 6
20764 189 8 7
20768 2851 7 6
20774 13685 8 7
20780 189 5 4
20783 74 7 6
20787 14891 7 6
20788 707 -1 10
20791 1639 4 3
20799 1241 10 9
20806 1639 -1 9
20813 1639 7 6
20815 17410 7 6
20819 1639 9 8
20821 1639 7 5
20847 1639 -1 10
20859 1639 3 2
20867 1639 -1 10
20882 9601 8 7
20884 942 7 6
20891 1639 10 9
20892 1639 8 7
20893 189 10 9
20903 1525 10 9
20909 189 10 8
20919 17618 -1 10
20920 189 7 6
20922 2851 7 6
20924 19973 4 3
20929 2930 7 6
20939 12283 10 9
20939 2679 -1 10
20941 4060 8 7
20946 1639 2 1
20959 707 8 7
20964 1639 6 5
20978 447 10 8
20984 17298 -1 10
20986 1639 9 8
21001 189 9 7
21028 17298 8 7
21028 1639 -1 10
21038 942 6 5
21044 1525 4 3
21045 1525 -1 9
21050 16414 5 4
21065 1137 8 7
21068 9181 6 5
21077 1639 9 8
21077 707 10 9
21079 1639 9 8
21093 1639 2 1
21099 74 5 3
21100 15995 9 8
21106 1639 7 6
21112 17298 4 3
21115 143 10 9
21123 143 3 2
21157 20265 6 5
21159 6423 5 4
21160 1639 -1 10
21163 659 7 6
21164 20265 10 9
21191 17298 8 7
21198 189 -1 10
21203 20265 -1 10
21207 7262 4 3
21208 9917 10 9
21212 1450 7 6
21212 1639 10 9
21215 16507 8 7
21229 189 10 9
21236 16756 10 9
21240 15831 8 7
21248 1272 7 6
21248 16807 -1 10
21259 1639 5 4
21266 1639 2 1
21270 942 6 5
21283 1291 10 9
21290 942 -1 10
21299 707 10 9
21304 942 10 9
21305 1528 8 7
21320 942 8 7
21329 2251 -1 10
21332 8289 10 9
21333 74 7 6
21352 143 -1 10
21354 447 2 1
21354 1639 7 6
21382 1639 4 3
21396 1241 6 5
21398 1639 7 6
21403 1639 6 5
21404 1639 9 8
21407 16414 8 7
21414 1137 7 6
21417 1639 8 7
21417 17618 10 9
21427 18496 9 8
21435 20265 9 8
21441 8115 7 6
21455 143 5 3
21460 7006 4 3
21464 1639 2 1
21466 2930 9 8
21482 1639 6 5
21488 143 10 8
21518 143 -1 10
21526 19658 8 7
21530 1639 6 5
21531 9181 5 4
21536 189 7 6
21537 16807 9 8
21538 7844 9 8
21539 1525 7 6
21540 74 10 9
21545 2851 -1 10
21549 17298 5 4
21550 9917 6 5
21556 1639 10 9
21567 5881 10 9
21569 19059 9 8
21579 18847 10 9
21587 447 -1 10
21588 189 5 4
21589 1639 4 3
21593 17298 10 9
21605 143 5 4
21616 1639 3 2
21623 10226 -1 10
21631 1639 6 5
21632 1639 -1 10
21635 143 10 9
21640 16166 9 8
21643 3799 10 9
21649 8289 8 7
21651 2851 3 2
21655 970 9 8
21658 942 -1 10
21659 447 8 6
21671 7893 2 1
21672 12674 5 4
21687 14891 5 4
21688 8339 10 9
21692 189 8 7
21710 1639 3 2
21714 1639 8 6
21722 5881 7 6
21732 942 -1 10
21733 447 8 7
21736 74 4 3
21737 14170 9 8
21744 1639 9 7
21746 1639 -1 10
21767 143 -1 10
21786 19973 7 6
21787 7006 -1 10
21811 189 4 3
21816 189 4 3
21826 1639 4 3
21840 970 -1 10
21848 74 9 8
21857 74 -1 10
21865 922 9 8
21865 486 -1 10
21867 447 5 3
21883 1639 7 6
21888 1639 8 7
21897 707 3 2
21904 20215 -1 10
21905 15543 7 6
21915 189 -1 10
21942 2930 8 7
21943 10384 9 8
21946 18401 3 2
21948 7893 2 1
21952 922 -1 10
21954 18656 8 7
21955 16807 -1 10
21957 17410 10 9
21958 189 8 7
21974 14891 -1 10
21986 18147 9 8
21987 1639 6 5
21989 189 10 9
21993 364 -1 10
21994 970 10 9
22003 1639 10 9
22004 1639 5 4
22017 2930 5 3
22027 1639 8 7
22037 18421 -1 10
22041 1639 8 7
22051 7893 10 9
22056 19973 10 9
22058 1685 7 6
22061 1592 9 8
22067 19973 6 5
22073 189 8 7
22087 7262 10 9
22091 74 2 1
22116 2930 10 9
22117 143 -1 10
22131 447 7 5
22137 14248 5 4
22141 1592 9 8
22145 1639 5 4
22151 189 2 1
22160 1639 3 2
22161 707 7 4
22179 1639 7 6
22193 8115 3 2
22194 1639 5 3
22202 16807 6 5
22219 1592 -1 10
22225 16807 3 2
22226 17663 7 6
22228 8176 10 9
22229 1639 7 6
22246 13685 8 7
22252 143 9 8
22257 189 5 4
22264 189 8 7
22270 9917 7 6
22271 18147 -1 10
22275 1639 -1 10
22280 12338 -1 10
22282 2851 7 6
22283 18641 -1 10
22286 7208 7 6
22294 1639 6 5
22304 1639 8 7
22312 486 6 5
22314 189 9 7
22320 15543 6 5
22354 10093 -1 10
22366 3275 -1 10
22369 189 4 3
22376 74 -1 8
22384 143 -1 9
22401 1525 8 7
22404 18496 5 4
22410 1639 10 9
22429 942 -1 9
22430 17663 -1 10
22435 6531 10 9
22437 2930 -1 10
22445 4648 8 7
22451 1639 9 8
22455 15057 9 8
22465 707 5 4
22471 143 7 6
22478 5826 -1 10
22490 4060 7 6
22491 74 7 6
22496 19049 6 5
22496 14891 7 6
22498 12674 -1 10
22506 189 7 5
22507 143 5 4
22518 14891 8 7
22519 143 -1 9
22520 13685 6 5
22525 19973 9 8
22539 2930 -1 10
22545 219 -1 10
22546 17618 7 6
22546 6423 8 7
22561 2851 -1 10
22567 1639 3 2
22572 1639 3 2
22573 189 9 8
22581 1639 6 5
22583 16807 -1 10
22587 20498 9 8
22591 1639 8 7
22604 942 8 7
22611 1639 9 8
22631 1639 10 8
22634 447 3 2
22638 74 10 9
22644 1151 6 5
22646 9601 4 3
22652 12462 8 7
22653 486 9 8
22656 20265 7 6
22666 1639 9 8
22672 1639 6 5
22682 942 -1 9
22721 8289 9 8
22723 1639 -1 10
22726 707 10 9
22729 16807 10 9
22730 12674 4 3
22736 3799 8 7
22747 189 5 4
22752 2930 6 5
