1 13912 3 2
9 1639 8 6
14 15543 9 8
26 17298 10 9
31 12725 -1 10
32 1639 8 7
35 1639 -1 10
55 20265 7 6
62 942 9 8
74 74 5 3
79 143 5 4
80 5 10 8
90 12630 7 6
91 17374 9 8
92 17298 9 8
94 380 -1 10
112 1639 7 6
122 189 5 3
122 74 -1 10
123 7143 3 2
139 14891 6 5
147 15995 -1 10
163 1639 6 5
178 18847 6 5
187 7999 6 5
191 5881 8 7
193 707 10 9
195 9917 -1 10
196 189 9 8
204 1639 9 8
207 1639 4 3
213 74 10 8
225 1639 9 8
231 189 -1 10
235 189 -1 10
237 1639 9 8
239 9917 6 5
245 1639 -1 10
247 17298 4 3
251 707 9 7
260 1639 3 2
262 13685 6 5
266 1592 5 4
278 9601 7 6
279 8115 9 8
286 7208 4 3
296 18401 5 4
303 5881 10 9
305 942 9 8
308 8289 7 6
308 9925 8 7
311 74 6 4
311 19783 -1 10
313 12630 -1 10
317 13685 9 8
320 189 5 4
322 1639 6 5
332 16631 10 9
340 143 4 3
343 15995 5 4
347 17298 5 4
365 8115 9 8
369 1151 -1 10
381 9925 5 4
382 2930 9 8
382 1639 -1 10
383 707 -1 9
384 1639 6 5
389 942 7 6
414 14248 5 4
422 1241 -1 10
432 143 -1 10
434 2930 10 9
438 15543 5 4
447 1639 7 6
467 1639 8 7
468 189 -1 10
479 5881 -1 10
487 143 7 6
492 15995 7 6
494 1639 4 3
498 6443 9 8
498 8221 10 9
504 15995 10 9
506 1639 -1 8
512 9917 -1 10
517 15995 4 3
519 5881 3 2
521 9917 -1 10
530 20265 5 4
532 74 9 7
556 19973 6 5
569 707 7 6
571 1639 6 5
575 1639 5 4
575 942 9 7
581 1639 7 6
581 17298 -1 10
593 189 10 8
598 15995 8 7
598 5881 9 8
598 18847 10 9
604 14891 8 7
605 14170 4 3
605 9601 5 4
605 18421 6 5
605 17298 7 6
605 942 8 7
605 7262 9 8
605 19333 10 9
605 13685 -1 10
606 189 9 8
608 15995 9 8
612 143 7 6
618 1639 8 7
619 20265 3 2
619 1450 4 3
619 15637 5 4
619 18421 6 5
619 16297 7 6
619 7208 8 7
619 19049 9 8
619 13685 10 9
619 14170 -1 10
627 1639 10 8
632 7262 9 8
640 1639 7 6
641 970 -1 10
642 1639 5 4
642 7262 9 8
644 1525 5 4
648 7893 8 7
653 1639 2 1
658 1639 5 4
670 7723 4 3
670 19973 5 4
670 7673 6 5
670 2851 7 6
670 8176 8 7
670 189 -1 8
680 1639 5 4
688 13912 9 8
689 5 8 7
714 1639 -1 10
721 2851 7 6
728 1639 8 7
731 189 8 7
738 1639 7 6
739 1592 5 4
740 1639 5 4
747 1639 -1 10
749 189 5 3
758 942 3 2
759 189 10 9
764 1639 -1 10
772 189 8 7
777 20265 4 3
780 1639 10 9
785 1639 5 4
789 7006 6 5
806 2851 5 4
818 15543 7 6
820 9601 9 8
826 7893 4 3
827 17410 6 5
844 1639 2 1
845 1639 -1 10
848 1639 9 8
850 5881 8 7
852 707 4 3
860 2930 8 7
866 1639 4 3
866 20265 -1 10
867 7208 10 9
873 2930 10 9
877 13427 7 6
883 16631 10 9
886 8115 -1 10
891 1639 7 6
895 1639 10 9
902 13685 7 6
902 219 10 9
903 9641 9 8
908 13912 9 8
908 9917 10 9
911 189 6 5
920 5881 7 6
924 15543 7 6
928 20265 6 5
931 1151 -1 10
936 486 8 7
942 5881 7 6
950 5881 5 4
951 5881 5 4
954 20265 2 1
957 1639 9 8
964 7262 4 3
975 942 8 7
982 189 4 3
985 4064 9 8
995 16166 -1 10
999 2930 4 3
1000 1639 9 8
1004 1639 -1 9
1008 189 9 8
1021 6874 5 4
1024 380 -1 10
1027 465 9 8
1033 5 -1 10
1035 1639 -1 10
1036 364 6 5
1047 2930 9 8
1051 486 6 5
1065 13685 -1 10
1067 20265 4 3
1070 1639 4 3
1076 1639 9 8
1077 143 7 6
1081 1525 7 6
1083 225 9 8
1084 16807 9 8
1086 8176 8 7
1089 1639 10 7
1094 1802 5 4
1098 17410 5 4
1100 17298 6 5
1105 14891 7 6
1108 1639 5 4
1120 1241 9 8
1125 1639 6 5
1131 1639 10 9
1136 940 6 5
1139 16807 10 9
1148 8115 -1 10
1155 17298 -1 10
1162 1639 4 3
1164 143 10 9
1167 15995 8 7
1177 15995 4 3
1177 2930 10 9
1178 486 10 9
1179 143 6 4
1183 707 -1 10
1184 707 -1 9
1196 1639 -1 10
1197 15543 2 1
1208 1137 9 8
1209 7006 -1 10
1222 1639 8 6
1229 1639 6 5
1230 74 -1 9
1232 189 10 9
1240 707 7 6
1242 380 7 6
1242 5881 9 8
1243 10746 3 2
1260 16414 10 9
1275 707 7 6
1297 1639 2 1
1301 17410 5 4
1307 1639 -1 10
1309 1639 7 6
1326 5072 6 5
1334 189 9 8
1342 9925 10 9
1345 1525 4 3
1346 2851 9 8
1353 189 10 9
1355 707 -1 10
1362 161 10 9
1365 486 6 5
1391 1592 4 3
1405 17663 -1 10
1409 2164 -1 10
1417 1639 7 6
1428 707 6 4
1437 12674 -1 10
1441 5881 4 3
1451 1639 9 8
1461 13685 4 3
1461 893 5 4
1461 14170 6 5
1461 14891 7 6
1461 1639 8 7
1461 20265 9 8
1461 161 10 9
1461 18496 -1 10
1472 20265 8 7
1477 7006 4 3
1482 15002 10 9
1485 1639 6 4
1487 14170 8 7
1490 8115 -1 10
1497 16020 -1 10
1508 707 -1 10
1517 1639 10 9
1519 20265 3 2
1524 1639 -1 10
1533 74 4 3
1536 189 8 6
1544 12462 3 2
1546 4515 8 7
1547 1639 2 1
1548 1639 4 2
1550 189 7 6
1552 15995 7 6
1567 2930 7 6
1576 74 4 3
1594 2930 7 6
1595 9917 10 9
1606 1639 7 6
1617 1639 -1 10
1622 9917 4 3
1625 1639 7 6
1626 7262 3 2
1627 1639 4 3
1630 8289 5 4
1639 17298 7 6
1644 18505 8 7
1651 1639 5 4
1652 1639 -1 10
1656 19060 8 7
1661 1639 10 8
1662 1639 7 6
1666 14170 5 4
1678 3275 -1 10
1684 1639 9 8
1686 189 -1 10
1687 9601 -1 10
1700 2930 -1 10
1702 1639 10 9
1703 1639 10 9
1706 1639 8 7
1706 707 -1 9
1710 1639 4 3
1710 1137 9 8
1716 5881 9 8
1717 15543 5 4
1719 9917 6 5
1720 74 8 7
1726 7111 8 7
1728 18147 10 9
1735 17663 10 9
1737 6423 -1 10
1738 189 3 2
1742 1639 10 9
1750 189 6 5
1756 14891 2 1
1762 15543 10 9
1765 1639 7 6
1766 74 7 6
1768 12630 -1 10
1779 14891 2 1
1789 189 7 6
1794 74 9 7
1795 8289 8 7
1795 2930 -1 10
1804 17618 10 9
1816 14248 9 8
1817 1291 5 4
1817 9925 9 8
1817 1639 -1 10
1822 11662 5 4
1831 15831 8 7
1834 9925 10 9
1856 5881 -1 10
1861 1639 9 8
1863 143 -1 10
1866 189 4 3
1866 2851 -1 10
1870 7006 5 4
1874 8221 3 2
1880 13685 6 5
1883 143 -1 9
1888 17298 5 4
1898 1525 -1 10
1899 447 9 7
1900 14891 6 5
1901 1639 7 6
1922 1639 6 5
1927 1639 5 4
1941 1639 10 9
1946 6531 -1 10
1955 1639 10 9
1959 19025 10 9
1961 447 3 2
1964 7262 9 8
1975 9925 7 6
1977 447 10 9
1979 74 10 9
1981 9917 9 8
1991 5881 6 5
2005 9641 4 3
2006 1639 10 9
2019 143 6 5
2026 12462 7 6
2027 1639 9 7
2035 2851 9 8
2042 1639 6 5
2043 19333 -1 10
2044 9925 4 3
2045 9601 9 7
2053 20265 5 4
2053 9917 7 6
2058 447 10 8
2063 19973 7 6
2065 74 -1 10
2070 189 -1 10
2072 1639 9 7
2073 16807 6 5
2074 14891 7 6
2077 1639 4 3
2087 1639 8 7
2096 6423 3 2
2098 189 10 9
2099 143 5 3
2104 7999 9 8
2110 13685 9 8
2121 5881 6 5
2137 3799 5 4
2137 707 7 6
2157 1639 -1 10
2160 9917 4 3
2167 1639 -1 10
2170 12630 9 8
2174 20265 5 4
2176 143 9 8
2180 1151 9 8
2180 143 -1 10
2189 1639 6 5
2191 707 -1 10
2195 2079 -1 10
2208 2953 9 8
2215 143 5 4
2216 707 8 6
2220 1639 -1 10
2235 17298 -1 10
2238 74 6 5
2247 20265 6 5
2247 1639 -1 10
2250 7262 6 5
2255 189 9 8
2260 5072 -1 10
2261 15831 10 9
2267 1639 -1 10
2268 9601 -1 10
2273 16807 10 9
2287 942 8 7
2295 5857 -1 10
2308 20539 8 7
2328 1639 10 9
2330 74 -1 10
2333 8289 10 9
2357 12630 10 9
2368 942 7 6
2368 5 -1 9
2370 189 7 6
2373 1639 9 7
2373 189 10 8
2378 74 8 7
2400 2930 6 5
2405 15995 3 2
2405 16807 -1 10
2412 15995 8 7
2412 1639 -1 10
2418 1639 6 5
2431 16866 7 6
2436 20540 6 5
2442 19973 -1 10
2448 447 8 6
2449 8115 9 8
2464 15995 8 7
2465 1639 5 4
2471 12462 -1 10
2472 1639 9 8
2476 1525 -1 9
2477 20215 10 9
2481 2851 7 6
2483 15995 7 6
2491 2930 10 9
2493 1639 6 5
2498 1639 4 3
2501 16361 -1 10
2511 1639 10 9
2522 17298 2 1
2533 5881 6 5
2537 1639 7 6
2547 14891 10 9
2548 1639 10 7
2549 6423 9 8
2550 1639 5 4
2551 2658 9 8
2562 9917 5 4
2571 707 6 5
2572 18641 9 8
2573 5 5 4
2577 1639 -1 10
2583 189 10 9
2590 1525 8 7
2593 1639 8 6
2593 5869 9 8
2593 13685 10 9
2593 19973 -1 10
2600 5881 8 7
2600 74 -1 10
2601 161 -1 10
2603 189 -1 9
2605 143 4 3
2618 707 6 5
2618 3799 8 7
2620 7006 7 6
2624 7999 7 6
2630 18656 -1 10
2643 1639 9 8
2645 7262 5 4
2655 2930 4 3
2658 17298 7 6
2662 143 -1 10
2663 1639 10 8
2665 8115 4 3
2672 707 7 6
2683 1639 10 9
2686 14891 6 5
2689 5881 6 5
2702 1747 7 6
2715 1639 10 9
2716 1639 9 8
2723 486 -1 10
2728 3219 6 5
2739 74 -1 10
2741 189 9 7
2748 1639 2 1
2748 20540 10 9
2756 19973 7 6
2760 7006 8 7
2760 8289 10 9
2765 1639 3 2
2765 143 -1 9
2768 12805 5 4
2773 1592 8 7
2774 17410 -1 10
2775 1525 5 4
2786 1639 4 3
2792 2327 9 8
2799 1639 7 5
2809 13685 2 1
2813 707 7 6
2815 10746 8 7
2816 2088 10 9
2824 143 8 7
2829 15002 -1 10
2832 1525 7 6
2841 1639 10 9
2843 4060 8 7
2845 7262 -1 10
2860 17298 8 7
2861 1639 8 7
2862 1639 6 5
2865 942 7 6
2868 6423 4 3
2869 1639 9 8
2874 10093 9 8
2874 9917 10 9
2892 1639 9 7
2894 7893 7 6
2901 1639 9 8
2904 1639 -1 10
2913 15995 9 8
2917 1639 8 7
2918 707 4 2
2924 16807 8 7
2928 5881 10 9
2931 1639 5 4
2940 5881 9 8
2940 15995 -1 10
2943 189 -1 9
2944 74 -1 10
2966 707 9 8
2966 1137 10 9
2978 15491 9 8
2980 13685 5 4
2990 17298 10 9
2997 942 6 5
3007 12563 -1 10
3012 12724 -1 10
3017 2327 9 8
3025 10093 10 9
3046 17410 -1 10
3054 1639 7 6
3054 14891 10 9
3057 1639 7 6
3061 1639 6 5
3062 13092 8 7
3068 380 8 7
3079 7262 4 3
3079 11662 9 8
3083 5881 4 3
3085 20265 -1 10
3087 1639 7 5
3090 1137 9 7
3091 19973 8 7
3098 143 6 5
3103 5881 6 5
3106 922 9 8
3109 19025 8 7
3111 74 7 6
3130 1639 7 4
3139 9925 9 8
3143 74 -1 10
3150 14891 9 8
3160 143 9 8
3165 2930 -1 10
3166 143 8 6
3167 8115 4 3
3169 1525 6 4
3170 17298 -1 10
3174 189 6 4
3180 893 6 5
3180 942 -1 10
3184 18401 4 3
3187 143 9 8
3188 1639 7 6
3206 1639 6 5
3208 1639 3 1
3210 19973 9 8
3211 1639 5 4
3224 17298 10 9
3239 922 9 8
3242 12462 -1 10
3248 1450 10 9
3256 1639 -1 8
3257 10746 3 2
3264 7893 3 2
3264 19049 4 3
3264 14891 5 4
3264 13912 6 5
3264 6423 7 6
3264 15995 8 7
3264 8221 9 8
3264 18147 10 9
3264 5881 -1 10
3266 189 10 8
3266 1639 -1 9
3277 9601 3 2
3277 74 4 3
3277 5881 5 4
3277 189 7 5
3277 7262 8 7
3277 20265 9 8
3277 4807 10 9
3277 17298 -1 10
3284 1639 5 3
3286 1639 7 5
3298 2851 9 8
3339 1639 6 5
3355 1639 9 7
3364 942 4 3
3374 225 9 8
3376 16807 7 6
3377 74 8 7
3379 143 5 4
3380 14891 7 6
3381 17298 10 9
3396 1639 4 3
3397 17298 -1 10
3399 7143 8 7
3405 18048 -1 10
3415 707 3 2
3415 1639 9 8
3422 380 9 8
3425 8115 7 6
3426 17298 7 6
3431 1639 10 8
3437 2930 -1 10
3439 7208 9 8
3447 9601 6 5
3449 2851 9 8
3485 1639 9 8
3487 1639 4 3
3493 942 -1 10
3495 1639 7 6
3502 19973 10 9
3507 12674 4 3
3516 15995 10 9
3525 1639 5 4
3532 15995 10 9
3543 6423 10 9
3544 143 3 2
3553 2930 10 9
3579 11767 10 9
3585 17298 8 7
3587 20265 7 6
3587 9601 8 7
3588 8289 4 3
3590 143 -1 10
3608 707 7 6
3612 74 7 6
3617 707 5 4
3622 15995 9 8
3622 7208 10 9
3627 9925 10 9
3629 143 5 4
3630 8115 -1 10
3633 20265 -1 10
3638 14891 7 6
3650 1639 9 8
3651 2930 10 9
3658 20265 8 7
3659 189 -1 10
3671 7262 9 8
3676 19049 6 5
3677 7262 10 9
3684 1639 2 1
3690 143 -1 10
3705 143 10 9
3715 1639 -1 10
3723 1639 3 2
3726 6129 5 4
3729 1639 3 2
3739 16807 7 6
3760 18641 9 8
3775 11324 -1 10
3776 17374 10 9
3780 1639 7 6
3785 18147 5 4
3785 1639 9 8
3786 189 8 7
3800 1639 6 5
3802 9601 5 4
3817 4515 8 7
3825 2851 6 5
3825 74 -1 10
3832 74 4 3
3835 19049 6 5
3837 7006 6 5
3846 1639 5 4
3852 7999 8 7
3858 189 6 5
3869 143 7 6
3871 11324 9 8
3886 17298 9 8
3891 942 -1 10
3915 11767 10 9
3917 942 7 6
3917 4515 8 7
3917 7893 9 8
3917 1151 10 9
3917 3624 -1 10
3932 15543 5 4
3934 189 -1 8
3935 12725 -1 10
3946 707 9 7
3948 1639 -1 9
3949 922 6 5
3951 143 10 9
3954 4060 8 7
3957 143 -1 9
3967 384 6 5
3982 189 -1 10
3984 7262 6 5
3984 486 8 7
3988 7893 8 7
3997 5826 8 7
3999 1639 8 6
4005 19892 9 8
4006 1639 7 6
4010 189 5 4
4011 7893 9 8
4018 18421 -1 10
4019 16807 6 5
4019 1639 10 9
4030 2930 9 8
4033 1639 2 1
4037 7893 2 1
4037 14891 3 2
4037 6423 4 3
4037 13685 5 4
4037 9917 6 5
4037 18147 7 6
4037 17298 8 7
4037 16807 9 8
4037 7006 10 9
4037 13912 -1 10
4048 74 -1 10
4051 1639 7 6
4054 18641 -1 10
4059 15187 10 9
4062 19059 8 7
4066 74 10 9
4070 7262 8 7
4071 15995 -1 10
4077 7262 8 7
4078 189 4 3
4091 189 9 8
4092 189 7 6
4094 8289 4 3
4096 707 10 9
4100 1639 6 4
4107 189 7 6
4109 16807 -1 10
4112 2930 2 1
4117 1639 -1 10
4118 143 10 9
4123 1450 10 9
4125 2327 -1 10
4126 9917 7 6
4133 1639 5 4
4152 1639 -1 9
4153 5881 4 3
4153 143 7 6
4153 189 10 9
4168 1639 9 8
4173 7262 5 4
4173 17298 6 5
4175 15995 4 3
4178 1639 9 8
4179 942 5 4
4180 9917 3 2
4187 8115 8 7
4192 1639 4 3
4193 1639 9 7
4196 1639 10 8
4206 364 9 8
4209 10093 10 9
4220 1639 9 6
4221 143 -1 10
4234 922 10 9
4235 707 8 6
4246 1639 2 1
4257 707 6 5
4263 14891 5 4
4263 1639 8 7
4277 2930 8 7
4279 1639 -1 10
4282 7262 7 6
4284 2851 7 6
4285 15543 5 4
4289 1639 7 6
4292 1639 6 5
4295 486 -1 10
4304 942 6 5
4318 1639 8 7
4318 942 -1 10
4320 74 10 9
4323 74 8 7
4328 16807 8 7
4329 3799 9 8
4331 74 9 8
4335 1639 -1 10
4340 5881 8 7
4356 13912 8 7
4356 942 10 9
4357 15002 6 5
4360 486 10 9
4361 74 7 5
4362 189 4 3
4362 1639 -1 9
4363 74 -1 10
4366 1592 5 4
4377 14170 -1 10
4378 1639 8 7
4382 219 9 8
4386 1525 -1 10
4387 1639 7 5
4405 20265 -1 10
4420 5826 -1 10
4421 707 10 8
4425 189 5 4
4432 447 9 8
4452 1639 8 7
4453 5881 6 5
4458 143 8 6
4474 1639 2 1
4489 2930 4 3
4494 1639 6 4
4495 5881 4 3
4499 942 8 7
4510 18147 7 6
4530 16507 -1 10
4544 7262 -1 10
4548 1639 4 3
4549 1291 -1 9
4555 2851 9 8
4566 447 9 8
4568 1639 7 6
4570 1639 3 2
4571 17410 8 7
4571 143 -1 10
4574 143 10 8
4578 8157 10 9
4585 18401 9 8
4586 1639 7 6
4588 16807 8 7
4613 2930 10 9
4629 20265 2 1
4636 1639 9 8
4637 143 7 6
4651 2930 6 5
4665 14170 9 8
4669 1639 8 7
4676 14248 9 8
4678 14891 10 9
4678 13685 -1 10
4679 17298 2 1
4694 20265 8 7
4697 9917 9 8
4701 20265 4 3
4707 942 10 9
4708 1639 7 6
4740 143 -1 10
4747 2851 4 3
4755 9601 4 3
4783 8221 6 5
4786 16807 10 9
4789 189 6 5
4797 13685 8 7
4803 1639 8 7
4806 1639 10 9
4813 189 8 7
4815 12462 9 8
4820 4060 10 9
4821 20265 5 4
4821 8176 6 5
4821 9601 7 6
4821 2851 8 7
4821 15002 9 8
4821 10093 10 9
4821 8570 -1 10
4824 5881 6 5
4824 6423 -1 10
4829 9917 5 4
4832 5881 9 8
4833 970 8 7
4856 143 9 8
4860 380 3 2
4861 3799 7 6
4864 1639 6 5
4865 7143 9 8
4866 1639 7 6
4874 20265 6 5
4882 1639 9 8
4883 486 6 5
4892 1639 7 6
4893 8157 10 9
4893 1639 -1 10
4895 447 10 9
4900 1639 -1 10
4901 1639 9 8
4903 4515 -1 10
4905 1525 7 6
4921 14891 -1 10
4930 1639 10 9
4948 3799 9 8
4950 189 3 2
4954 1639 9 8
4959 20265 2 1
4967 2930 10 9
4972 19973 4 3
4977 1639 5 4
4984 189 -1 10
4993 1639 10 9
4995 2851 6 5
4995 15995 -1 10
5003 1639 7 6
5010 15491 7 6
5021 1639 5 4
5021 15995 -1 10
5022 1639 8 7
5026 707 -1 10
5027 20540 10 9
5028 1639 6 5
5039 9601 7 6
5060 16807 5 4
5060 1639 10 8
5065 1525 4 3
5065 74 8 6
5067 1639 -1 9
5077 5881 5 4
5079 2930 10 9
5111 19783 5 4
5111 8115 8 7
5118 1639 8 5
5125 17374 10 9
5129 1639 7 6
5136 19049 8 7
5137 1639 7 5
5138 1639 10 9
5146 1639 3 2
5157 1639 8 6
5163 1639 10 8
5167 19973 5 4
5168 1639 -1 9
5178 1639 3 2
5178 18421 10 9
5180 1639 8 7
5185 189 5 4
5185 1639 6 5
5188 15995 6 5
5190 19973 6 5
5195 143 8 7
5197 5881 5 4
5199 4515 6 5
5211 707 -1 10
5214 13912 -1 10
5217 15543 4 3
5219 14891 5 4
5223 1639 9 8
5227 5881 -1 10
5231 447 10 9
5240 1639 6 5
5243 1639 10 9
5244 1639 5 4
5246 7006 9 8
5248 189 -1 10
5252 2930 7 6
5266 1639 5 4
5266 11719 9 8
5268 447 -1 10
5270 364 5 4
5275 1639 3 2
5276 7111 6 5
5280 7208 -1 10
5283 1241 10 8
5283 2851 -1 10
5284 2930 4 3
5286 1639 -1 10
5291 1639 7 6
5304 1639 -1 10
5329 1639 7 6
5331 1639 9 8
5332 5 9 8
5335 17298 5 4
5337 18147 10 9
5349 6423 5 4
5352 143 4 3
5352 189 -1 10
5360 1639 8 7
5361 189 8 7
5365 15543 9 8
5365 17298 -1 10
5377 1639 -1 9
5384 6531 10 9
5385 1639 -1 10
5391 189 8 7
5393 1639 4 3
5393 942 8 7
5396 486 10 9
5407 74 -1 10
5413 1639 10 9
5418 6129 9 8
5451 707 3 2
5452 707 8 7
5454 17618 5 4
5455 1639 7 6
5467 8115 4 3
5470 1639 4 3
5473 942 -1 10
5477 707 -1 10
5478 1639 10 9
5479 5881 9 8
5481 12805 6 5
5482 2930 3 2
5485 8115 6 5
5487 16807 8 7
5494 74 -1 10
5495 447 4 3
5500 1639 8 7
5504 2851 -1 10
5505 1639 -1 10
5507 16631 8 7
5536 5881 9 8
5537 707 10 8
5538 1639 10 9
5542 1151 7 6
5542 17663 -1 10
5559 74 6 5
5561 15995 5 4
5562 18656 -1 10
5588 20265 3 2
5591 8289 7 6
5594 1639 9 8
5604 17618 9 8
5617 20265 10 9
5619 19973 2 1
5619 9601 3 2
5619 20265 4 3
5619 13912 5 4
5619 8221 6 5
5619 19173 7 6
5619 17618 8 7
5619 14891 9 8
5619 7262 10 9
5619 10093 -1 10
5621 19973 -1 10
5623 15995 8 7
5631 19973 8 7
5637 1639 4 3
5646 1592 -1 10
5650 5826 8 7
5652 19973 9 8
5653 1639 6 5
5654 1639 5 4
5656 922 9 8
5659 707 6 5
5663 942 7 6
5665 143 3 2
5668 143 -1 9
5669 17298 3 2
5676 2930 7 6
5677 20540 8 7
5677 707 -1 10
5678 7893 9 8
5679 6263 10 9
5681 1639 3 2
5683 380 4 3
5687 16507 10 9
5689 1639 7 6
5699 18387 -1 10
5720 9917 10 9
5722 15491 8 7
5723 1639 6 5
5725 707 -1 10
5732 16020 7 6
5734 7262 3 2
5740 17298 9 8
5746 707 6 5
5747 1151 6 5
5757 7996 9 8
5780 74 5 3
5784 1639 10 8
5785 1639 3 2
5787 74 6 5
5787 1639 -1 10
5789 1639 10 9
5790 1639 10 9
5791 1639 9 8
5794 7262 4 3
5797 1639 -1 10
5811 17618 10 9
5822 380 7 6
5824 1639 -1 10
5826 15995 10 9
5830 1639 5 4
5835 5826 7 6
5838 1639 8 7
5854 1639 -1 10
5856 707 10 9
5866 17298 3 2
5870 7893 8 7
5874 9917 9 8
5875 1639 5 4
5879 17298 -1 10
5881 1639 5 4
5888 7208 4 3
5888 18147 10 9
5892 9925 -1 10
5900 7143 9 8
5904 1639 3 2
5914 189 -1 10
5921 1639 8 7
5921 14170 10 9
5929 707 8 6
5933 707 2 1
5933 15995 6 5
5935 7208 9 8
5940 17410 7 6
5945 942 8 7
5968 8289 -1 10
5977 189 7 6
5977 74 10 9
5978 9917 10 9
5983 2930 9 8
5985 5881 6 5
5991 17374 9 8
6002 143 -1 10
6011 2930 6 5
6014 1639 5 4
6027 1639 -1 10
6032 18147 -1 10
6036 143 10 9
6038 1639 9 8
6042 5881 -1 10
6067 189 7 6
6074 7893 7 6
6081 7006 7 6
6082 942 8 7
6087 15543 2 1
6094 942 7 6
6094 1639 10 9
6100 1639 10 9
6104 9917 5 4
6111 6423 5 4
6117 1639 4 3
6124 12630 7 6
6125 189 5 4
6131 1639 7 6
6132 1639 5 4
6135 1639 6 5
6139 8289 4 3
6139 12805 5 4
6139 19658 6 5
6139 7262 8 6
6139 970 10 8
6139 9021 -1 10
6142 143 -1 10
6143 9601 9 8
6145 1639 7 6
6149 12724 10 9
6151 189 -1 10
6170 143 8 7
6180 1639 7 6
6180 707 -1 10
6184 12630 -1 10
6195 189 6 5
6196 74 8 7
6207 1639 8 7
6220 13685 4 3
6221 143 -1 10
6224 17298 10 9
6224 17391 -1 10
6227 1639 6 5
6227 16631 8 7
6232 7893 7 6
6236 189 9 8
6241 5881 5 4
6246 1639 6 5
6269 143 -1 10
6273 1639 3 2
6281 447 10 9
6306 189 9 8
6309 18147 5 4
6316 20265 3 2
6317 143 -1 10
6324 2930 2 1
6326 15995 8 7
6328 15543 -1 10
6351 7262 8 7
6362 1639 -1 8
6370 20265 5 4
6377 13685 6 5
6378 1291 8 7
6380 1802 7 6
6391 74 3 2
6393 143 -1 10
6394 1639 7 6
6404 465 10 6
6415 7262 4 3
6425 189 9 7
6442 7262 6 5
6442 19973 7 6
6442 10746 8 7
6442 15995 9 8
6442 6146 10 9
6442 8221 -1 10
6443 1639 9 8
6450 1450 10 9
6455 8115 -1 10
6459 1639 -1 10
6468 942 9 8
6472 1639 9 8
6477 2930 4 3
6478 707 7 5
6497 942 7 6
6504 8115 10 9
6506 1639 -1 9
6508 1639 7 6
6512 9601 8 7
6514 19973 -1 10
6519 143 3 2
6520 15995 5 4
6522 1639 -1 10
6540 1639 -1 10
6546 189 -1 10
6549 19973 9 8
6557 5881 7 6
6559 7143 10 9
6560 18496 5 4
6563 707 8 7
6565 189 -1 10
6568 8176 10 9
6577 19025 -1 10
6585 12630 10 9
6592 7262 8 7
6608 1639 9 7
6616 707 6 3
6620 1639 4 3
6630 1528 8 7
6646 14891 -1 10
6651 707 10 9
6662 51 9 8
6665 17374 8 7
6668 1639 10 9
6674 189 6 5
6674 11767 8 7
6691 17410 9 8
6692 5 10 9
6693 2064 -1 10
6694 18401 7 6
6701 9181 3 2
6702 16807 9 8
6710 8115 6 5
6719 17298 4 3
6730 19051 10 9
6733 9601 7 6
6734 9917 -1 10
6736 5826 -1 10
6741 1592 -1 10
6747 189 2 1
6751 1639 7 6
6793 5881 3 2
6795 1639 10 9
6804 17298 2 1
6810 1639 3 2
6811 1747 10 9
6817 4515 8 7
6817 7494 -1 10
6820 189 4 3
6826 20041 -1 10
6828 1639 3 2
6840 8289 4 3
6843 1291 8 7
6850 2851 7 6
6852 486 -1 10
6854 2930 7 6
6859 18147 3 2
6859 1639 10 8
6879 10889 6 5
6885 1639 10 8
6898 7006 -1 10
6905 1639 -1 9
6911 8115 6 5
6913 16807 5 4
6924 707 -1 10
6931 7006 7 6
6933 143 9 8
6949 16631 9 8
6950 74 10 9
6967 1525 -1 10
6980 19973 5 4
6982 1639 6 5
6988 1592 8 7
6998 2851 6 5
7000 15543 4 3
7002 707 3 1
7008 143 -1 9
7012 1639 -1 10
7017 19059 6 5
7018 20265 2 1
7018 707 5 3
7021 189 10 9
7027 1639 7 6
7040 4515 5 4
7041 1137 -1 10
7046 707 8 7
7048 1639 4 3
7051 2930 -1 10
7055 9917 7 6
7059 1639 5 4
7064 448 7 6
7070 14891 7 6
7070 659 -1 10
7078 1639 -1 10
7082 14891 4 3
7083 380 6 5
7086 9917 9 8
7086 9601 10 9
7089 18147 8 7
7090 143 7 6
7096 942 7 6
7099 2930 7 6
7100 18147 9 8
7103 1639 7 6
7104 189 9 8
7116 143 -1 10
7121 707 -1 10
7125 16631 5 4
7129 13912 10 9
7129 4515 -1 10
7132 1216 8 6
7134 1639 7 6
7147 1639 8 7
7150 143 7 6
7181 16807 7 6
7182 15543 3 2
7183 1639 5 4
7186 20265 -1 10
7203 1639 9 8
7205 161 5 4
7211 1639 4 3
7222 17298 8 7
7222 1639 -1 10
7233 8115 10 9
7235 15543 4 3
7241 189 9 8
7242 14891 2 1
7242 16807 -1 10
7251 1639 10 9
7252 143 7 6
7253 1525 10 9
7257 447 9 8
7257 14891 -1 10
7258 5881 10 9
7260 1639 6 4
7278 17391 7 6
7280 189 10 9
7283 189 8 6
7283 1639 10 9
7284 7893 -1 10
7291 1639 7 6
7296 14891 7 6
7298 7262 7 6
7298 9917 8 7
7317 15995 -1 10
7322 143 7 6
7330 942 -1 9
7334 1639 -1 8
7338 189 -1 10
7341 16807 9 7
7343 17618 10 9
7348 14891 5 4
7355 17298 5 4
7357 17663 3 2
7357 9601 9 8
7361 1639 4 3
7361 942 10 9
7387 8115 6 5
7388 143 7 6
7389 189 10 8
7390 15995 8 7
7392 17298 6 5
7399 189 3 2
7400 942 6 5
7402 17298 9 8
7404 1639 4 3
7407 1802 -1 10
7431 1639 10 8
7439 707 10 9
7452 15995 5 4
7454 17618 3 2
7457 5111 7 6
7459 74 8 7
7461 17298 9 8
7465 1291 -1 10
7471 1639 2 1
7481 3799 8 7
7482 942 -1 10
7487 486 10 9
7498 1639 6 4
7501 1525 10 8
7507 2851 10 9
7509 3802 8 7
7511 380 9 8
7525 189 9 8
7528 5881 6 5
7530 1639 3 2
7531 14891 5 4
7546 1639 5 4
7549 143 4 3
7573 189 6 5
7581 1639 9 8
7582 2930 -1 10
7584 189 3 2
7592 14248 3 2
7614 1639 8 6
7615 17298 4 3
7616 1639 -1 10
7622 74 6 5
7631 143 8 7
7633 15543 5 4
7634 922 10 9
7635 486 9 8
7638 17298 6 5
7640 189 5 4
7644 1639 10 8
7646 9925 8 7
7647 707 -1 9
7649 4132 -1 10
7657 1639 9 8
7662 14248 4 3
7692 143 7 6
7693 19049 9 8
7701 15995 7 6
7715 9917 10 9
7718 14170 6 5
7720 942 7 6
7724 1639 4 3
7724 189 6 5
7729 1639 6 5
7729 189 -1 10
7737 707 3 2
7749 14891 7 6
7754 189 -1 9
7755 1639 6 5
7756 1639 6 5
7758 942 6 5
7759 7262 3 2
7760 189 -1 10
7761 1639 3 2
7761 5869 10 9
7764 7262 7 6
7774 12630 3 2
7775 51 7 6
7775 74 8 7
7781 15543 8 7
7785 1639 10 9
7795 19973 3 2
7803 15543 10 9
7812 2930 3 2
7813 2658 10 9
7829 189 5 4
7830 15831 10 9
7837 20265 9 8
7851 380 8 7
7851 5881 9 8
7857 1639 -1 10
7863 189 4 3
7866 2851 10 9
7868 1639 3 2
7869 4060 6 5
7873 14891 3 2
7874 1639 -1 10
7877 20265 7 6
7878 707 -1 8
7879 1639 8 7
7883 16631 6 5
7895 1639 2 1
7903 19973 -1 10
7910 380 6 5
7920 1639 8 7
7923 1528 6 5
7927 143 -1 9
7931 7262 10 9
7939 1639 7 6
7945 942 8 7
7949 1137 7 6
7959 1639 -1 10
7972 17618 -1 10
7979 1639 4 3
7989 1639 10 9
7990 1639 8 7
7991 14891 9 8
7991 380 10 9
7996 16807 3 2
8000 1639 8 7
8003 18496 -1 10
8004 1528 -1 10
8012 17618 3 2
8018 1639 -1 10
8023 189 9 7
8030 1639 10 9
8036 1639 10 9
8038 143 -1 10
8042 18875 8 7
8048 247 9 8
8052 12283 8 7
8052 16807 9 8
8052 8289 10 9
8053 14170 8 7
8053 19973 9 8
8055 707 2 1
8057 19973 8 7
8063 7006 6 5
8063 6423 9 8
8067 13685 4 3
8079 5881 4 3
8084 7208 2 1
8086 1639 3 2
8086 707 8 7
8091 143 8 7
8095 74 5 4
8098 143 9 7
8098 14170 -1 10
8111 4807 9 8
8120 2930 8 6
8122 143 3 2
8126 16807 8 7
8126 14891 10 9
8126 20265 -1 10
8129 465 7 6
8130 143 -1 10
8133 7262 8 7
8149 6423 5 4
8152 1639 -1 10
8169 2851 5 4
8178 2851 9 8
8181 17298 -1 10
8188 1639 5 4
8194 20265 4 3
8196 380 7 6
8197 9925 5 4
8205 1639 -1 10
8210 7262 5 4
8219 19892 10 9
8221 380 5 4
8226 189 3 2
8227 1525 -1 10
8231 16807 8 7
8235 942 2 1
8237 9601 7 6
8237 942 9 8
8240 7208 9 8
8252 161 9 8
8255 1639 4 3
8261 189 8 7
8263 1639 -1 9
8265 14891 9 8
8271 1639 7 6
8278 1151 3 2
8280 15543 8 7
8290 19973 4 3
8308 189 8 7
8311 1639 6 5
8316 1639 8 7
8325 8115 -1 10
8334 14170 9 8
8335 18641 9 8
8343 1639 9 8
8345 189 7 5
8351 1639 -1 8
8352 9601 9 8
8359 7122 7 6
8364 74 -1 10
8365 12674 6 5
8367 19973 8 7
8379 1639 5 4
8384 17410 8 7
8389 1639 -1 10
8406 16319 5 4
8410 15543 5 4
8417 143 3 2
8417 189 6 5
8419 15543 7 6
8422 1639 -1 10
8432 486 -1 9
8440 707 -1 10
8441 15491 9 8
8446 1639 8 7
8453 6494 9 8
8460 486 -1 9
8478 189 10 9
8488 486 2 1
8488 2327 7 6
8491 189 6 4
8502 3799 7 6
8503 19049 5 4
8519 707 8 7
8519 143 -1 9
8525 1639 7 6
8532 20265 4 3
8535 17618 7 6
8539 19173 10 9
8543 1639 8 6
8549 7143 -1 9
8551 1528 -1 10
8562 1639 10 9
8568 2930 2 1
8575 17618 10 9
8576 13685 7 6
8579 1639 -1 10
8581 1639 9 8
8582 1639 8 7
8587 12630 9 8
8594 707 6 5
8596 1639 -1 10
8610 1151 -1 10
8619 1639 8 7
8619 16631 10 9
8621 9601 4 3
8631 189 3 2
8632 942 9 8
8636 1639 -1 10
8637 1639 7 6
8644 970 -1 10
8645 1639 3 2
8647 143 10 9
8650 4132 -1 10
8667 20540 -1 10
8670 18147 9 8
8672 640 10 9
8690 9601 4 3
8693 4515 8 7
8693 17298 9 8
8695 143 8 7
8704 19973 3 2
8711 1639 -1 10
8713 17298 6 5
8723 7262 8 7
8724 18401 -1 10
8726 1639 7 6
8738 7893 6 5
8748 19973 7 6
8752 659 5 4
8753 2930 10 9
8764 1639 3 2
8769 3219 8 7
8770 161 10 9
8784 19616 9 8
8785 189 6 4
8791 1639 7 6
8791 942 -1 10
8800 659 8 7
8801 9925 10 9
8803 447 8 7
8816 447 -1 10
8824 1639 8 7
8825 17298 5 4
8830 1639 9 8
8831 10093 -1 10
8834 1639 7 6
8838 189 6 5
8850 1639 -1 10
8851 707 3 2
8852 447 -1 10
8854 942 8 7
8875 1639 7 5
8879 6423 5 4
8880 13912 9 8
8880 20105 10 9
8880 15704 -1 10
8890 1639 -1 10
8892 4310 9 8
8896 15543 6 5
8897 7006 7 6
8904 1639 6 5
8911 189 10 9
8922 143 6 5
8924 1639 10 8
8929 1639 -1 10
8930 1639 10 9
8935 1639 5 4
8938 1639 8 7
8944 143 5 3
8949 9925 6 5
8951 189 5 4
8953 2930 -1 9
8959 7208 8 7
8970 1639 8 7
8978 189 2 1
8978 5 7 6
8997 9021 5 4
9000 486 7 5
9004 189 5 4
9005 707 10 8
9011 16319 -1 10
9016 1525 -1 10
9017 15002 -1 10
9026 1639 -1 10
9038 143 6 5
9039 7208 8 7
9049 189 8 7
9057 447 -1 10
9059 1639 4 3
9066 1639 10 9
9069 364 -1 10
9070 14891 4 3
9071 19973 10 9
9074 143 9 8
9076 1639 6 5
9082 15491 -1 10
9086 942 -1 9
9087 143 5 4
9091 1639 8 7
9103 74 9 8
9108 16807 9 8
9112 16414 3 2
9115 18147 -1 10
9120 189 5 4
9144 1639 8 6
9149 1639 6 5
9150 380 6 4
9163 189 10 8
9167 143 6 5
9167 1528 8 7
9174 2658 9 8
9183 74 10 9
9190 942 9 8
9192 7208 9 8
9197 1639 2 1
9200 1525 6 5
9206 189 -1 10
9217 18401 6 5
9219 1639 9 8
9229 7262 6 5
9229 1639 8 7
9234 1525 -1 10
9243 942 8 7
9247 189 -1 10
9249 189 6 5
9254 1639 5 4
9257 1639 10 8
9259 74 4 3
9265 707 7 6
9268 74 9 7
9271 20265 5 4
9275 2851 6 5
9275 15665 8 7
9275 8289 10 9
9282 1639 5 4
9283 1639 -1 10
9285 16807 5 4
9297 17298 4 3
9317 17410 9 8
9321 5881 10 9
9323 10455 10 9
9327 189 -1 10
9340 380 7 6
9340 5 9 8
9341 189 9 8
9349 1639 -1 9
9350 447 9 8
9352 2930 -1 10
9364 447 -1 9
9367 1639 8 7
9367 143 9 8
9375 1151 5 4
9392 19293 9 8
9396 143 5 4
9405 2930 10 9
9423 707 -1 9
9424 143 -1 10
9428 1639 7 5
9429 1639 10 9
9433 7262 8 7
9435 1639 9 8
9446 2930 9 8
9450 20265 3 2
9450 19333 4 3
9450 12805 5 4
9450 10820 6 5
9450 7262 7 6
9450 14170 8 7
9450 9601 9 8
9450 4515 10 9
9450 18421 -1 10
9453 6443 6 5
9457 143 7 4
9458 15995 4 3
9459 1639 10 9
9464 1639 -1 9
9468 15187 4 3
9469 1639 5 4
9470 2930 -1 10
9471 189 2 1
9473 13685 5 4
9476 1639 8 7
9479 7006 9 8
9479 6423 10 9
9484 1639 9 8
9486 17298 -1 10
9487 189 6 4
9498 74 3 2
9501 74 -1 10
9509 17298 9 8
9512 12630 9 8
9517 893 6 5
9521 143 -1 8
9526 1639 8 7
9527 2930 3 2
9531 9917 5 4
9534 7893 2 1
9534 1639 -1 9
9541 15831 7 6
9544 942 -1 9
9546 15995 9 8
9547 1639 10 9
9558 19013 9 8
9562 8115 4 3
9567 1639 10 8
9578 8115 8 7
9580 14891 9 8
9583 1639 8 7
9603 707 8 7
9605 8221 5 4
9608 7208 8 7
9615 1639 9 7
9630 5869 10 9
9639 74 7 6
9660 970 8 7
9661 51 8 7
9661 1525 9 8
9674 5826 -1 10
9675 189 6 5
9682 9917 4 3
9682 9601 5 4
9686 1639 8 7
9692 19973 6 5
9700 189 5 4
9710 5881 3 2
9710 1639 9 8
9714 189 6 5
9733 9917 10 9
9736 16866 8 7
9751 1216 5 4
9753 1639 8 7
9766 2851 -1 10
9768 1639 7 6
9771 970 10 9
9777 9925 5 4
9796 143 8 7
9796 380 10 9
9806 15637 8 7
9810 9917 -1 10
9811 189 9 7
9824 189 7 6
9826 1639 5 3
9836 2930 4 3
9838 74 -1 10
9848 1639 3 2
9857 20539 -1 10
9860 1639 2 1
9860 18147 6 5
9861 486 7 6
9867 189 -1 10
9872 1639 9 7
9888 1639 7 6
9891 486 6 5
9892 19973 5 4
9897 18496 7 6
9898 2930 7 6
9898 1639 10 9
9898 143 -1 10
9903 5881 5 4
9914 1639 5 3
9914 18421 10 9
9920 1639 3 2
9921 6423 6 5
9921 19973 -1 10
9924 16631 5 4
9925 1592 9 8
9926 1639 9 8
9928 1137 9 8
9929 1639 6 5
9932 17298 6 5
9936 1639 8 7
9950 1639 5 4
9951 970 -1 10
9952 17298 3 2
9952 20265 5 4
9956 143 -1 10
9961 1639 7 6
9961 11662 9 8
9962 189 10 8
9968 1639 4 3
9972 1525 -1 10
9975 1639 10 9
9981 9917 6 5
9982 1639 5 4
9993 2851 9 8
10005 189 4 1
10007 189 5 4
10010 1592 9 8
10012 7262 10 9
10016 14248 7 6
10028 1639 8 6
10041 2930 10 9
10051 1639 10 9
10075 1639 -1 10
10077 15995 4 3
10077 14926 5 4
10077 5881 6 5
10077 9641 7 6
10077 3799 8 7
10077 6146 9 8
10077 8115 10 9
10077 14248 -1 10
10080 707 9 8
10082 7208 9 8
10082 19973 10 9
10085 9917 9 8
10095 1525 7 6
10104 1639 8 7
10113 2930 5 4
10115 1639 8 7
10116 18421 -1 10
10126 2001 -1 10
10127 7262 8 7
10131 17298 6 5
10134 17298 9 8
10145 707 3 2
10146 74 4 3
10146 189 10 9
10148 7262 4 3
10151 7262 9 8
10152 15831 8 7
10156 18505 -1 10
10157 189 7 6
10157 6531 9 8
10163 15995 4 3
10166 9917 10 9
10172 5109 6 5
10175 15543 -1 10
10177 143 6 3
10178 8221 10 9
10188 4558 10 8
10195 942 9 8
10201 1639 7 6
10218 14891 6 5
10222 74 9 6
10224 2930 9 8
10228 2851 -1 10
10245 189 9 7
10248 16631 10 9
10249 18656 10 9
10252 8115 3 2
10258 143 9 8
10259 942 6 5
10260 5826 8 7
10277 143 9 8
10282 2930 10 8
10283 16807 8 7
10285 6423 4 3
10285 1639 7 6
10294 9601 4 3
10294 707 10 7
10296 1639 6 5
10297 1639 9 7
10300 7006 10 9
10300 12053 -1 10
10312 1639 -1 10
10314 1639 6 5
10322 10093 7 6
10325 1639 5 4
10334 8289 4 3
10336 143 3 2
10337 2851 4 3
10337 1525 10 9
10338 12725 10 9
10344 189 4 3
10348 1639 8 7
10361 1639 5 4
10362 74 6 5
10363 11767 -1 10
10365 17298 3 2
10366 1639 10 9
10367 1639 -1 10
10371 8115 4 3
10373 189 10 9
10374 15831 10 9
10384 1639 10 9
10389 922 -1 10
10391 17374 -1 10
10399 942 8 7
10405 5881 -1 10
10407 189 5 4
10418 219 10 9
10421 942 8 7
10421 1639 -1 9
10433 2851 5 4
10433 189 -1 9
10436 15491 4 3
10438 1639 4 3
10443 12283 5 4
10447 1639 10 9
10454 707 2 1
10454 1639 5 4
10456 2930 -1 10
10458 1639 6 5
10462 1639 5 4
10472 1639 -1 9
10479 189 8 6
10483 9925 9 8
10490 1639 10 8
10495 5881 8 7
10495 2775 -1 10
10497 9181 9 8
10501 20265 7 6
10502 707 -1 10
10506 486 -1 10
10509 2930 6 5
10510 659 6 5
10510 14170 7 6
10519 1639 -1 10
10520 486 4 3
10520 14891 8 7
10526 7893 3 2
10533 447 -1 10
10534 19025 6 5
10545 13685 8 7
10548 1639 9 8
10552 707 10 9
10555 942 7 6
10555 1639 9 8
10561 9925 8 7
10563 8115 5 4
10569 17298 6 5
10574 1639 10 8
10580 1639 -1 10
10584 8221 7 6
10584 5881 8 7
10584 11767 9 8
10584 2851 10 9
10584 12462 -1 10
10588 19049 10 9
10588 5881 -1 10
10595 14170 7 6
10596 7208 7 6
10598 942 -1 10
10603 1525 4 3
10608 13912 6 5
10611 9601 10 9
10616 942 10 9
10621 143 -1 10
10622 9925 6 5
10630 18147 6 5
10631 7262 5 4
10631 189 8 7
10635 7262 8 7
10641 447 5 4
10645 1639 3 2
10652 74 10 9
10659 189 -1 9
10662 1639 6 5
10662 942 -1 9
10669 707 -1 9
10674 9917 6 5
10674 8289 7 6
10674 20265 8 7
10674 8115 9 8
10674 7143 10 9
10674 15543 -1 10
10682 17298 7 6
10685 8289 -1 10
10698 1639 7 6
10702 189 -1 10
10703 143 5 4
10709 14248 5 4
10716 189 4 3
10725 1639 9 8
10728 9601 6 5
10731 1639 7 6
10742 942 9 7
10750 1639 9 8
10752 74 6 5
10759 3799 9 8
10775 707 7 5
10782 15491 9 8
10785 1639 -1 9
10786 942 4 3
10791 19973 6 5
10801 707 9 8
10804 19973 5 4
10804 1639 -1 8
10809 1639 5 4
10811 189 4 3
10824 1639 10 9
10831 1639 2 1
10831 2930 -1 9
10838 7111 8 7
10842 4060 3 2
10845 17298 4 3
10847 1639 9 8
10856 1639 6 5
10859 189 -1 9
10870 6129 3 2
10875 13685 6 5
10893 707 -1 10
10894 486 6 5
10904 1630 -1 10
10914 1639 -1 10
10924 18147 10 9
10932 486 -1 10
10936 189 -1 9
10946 1639 5 4
10947 1151 4 3
10948 189 10 9
10949 1639 7 6
10950 1639 9 8
10955 2851 10 9
10959 19973 5 4
10969 1639 9 7
10996 9917 -1 10
10998 707 9 8
10999 6443 -1 10
11009 7262 3 2
11014 16020 6 5
11018 15831 7 6
11022 7262 3 2
11032 1423 -1 10
11036 1639 10 8
11038 1639 8 7
11042 1639 6 4
11060 1639 10 9
11064 1639 6 4
11064 15831 -1 10
11073 1639 5 4
11078 20540 -1 10
11105 2851 3 2
11114 143 4 3
11115 17391 6 5
11128 942 -1 10
11130 1525 4 3
11145 1639 5 4
11146 74 8 7
11158 1450 10 9
11168 143 9 7
11169 74 -1 10
11170 942 -1 10
11177 17618 5 4
11178 189 10 9
11182 1639 10 9
11187 14891 6 5
11189 1639 10 9
11201 8115 -1 10
11211 18147 4 3
11243 4712 10 9
11247 1639 -1 10
11252 2851 10 9
11259 189 9 8
11260 486 -1 10
11275 189 8 7
11278 5881 8 7
11285 1639 6 5
11290 1639 -1 10
11293 707 7 4
11296 659 8 7
11296 7262 9 8
11299 1450 9 8
11303 20265 6 5
11316 189 10 9
11319 10746 5 4
11320 12805 8 7
11320 5881 10 9
11334 1137 9 8
11341 17298 3 2
11343 7893 5 4
11343 13685 6 5
11343 942 9 8
11344 942 4 3
11356 1639 8 7
11361 5881 3 2
11369 2930 8 7
11372 14891 7 6
11375 143 -1 8
11378 13685 10 9
11385 1639 6 5
11392 74 2 1
11397 1639 8 6
11403 15543 8 7
11405 20265 4 3
11412 189 6 5
11417 219 9 8
11419 707 9 7
11423 17298 6 5
11442 74 10 9
11444 3799 9 8
11448 486 3 2
11457 189 8 7
11461 1639 10 9
11474 1639 -1 10
11479 189 8 7
11482 1639 6 5
11482 942 10 8
11485 189 8 7
11486 14891 5 4
11490 18401 7 6
11493 942 -1 10
11499 7673 9 8
11499 486 -1 10
11500 1639 6 5
11508 707 8 7
11514 74 3 2
11516 17618 7 6
11541 1639 5 4
11551 7346 8 7
11555 8115 9 8
11556 19973 10 9
11564 19347 9 8
11585 1639 3 2
11591 7893 7 6
11594 6423 2 1
11607 1094 10 9
11612 937 9 8
11618 2327 4 3
11618 486 -1 9
11620 74 10 9
11628 1639 3 2
11631 364 -1 10
11640 1639 4 3
11643 12462 5 4
11648 942 -1 10
11654 6423 6 5
11656 1639 7 4
11659 17298 10 9
11667 143 8 7
11676 143 10 8
11679 8115 3 2
11682 189 10 9
11685 19973 10 9
11692 18401 10 9
11694 5881 8 7
11695 5881 3 2
11695 143 7 6
11701 1639 -1 10
11703 1639 -1 10
11705 7208 9 8
11710 15543 3 2
11712 12322 9 8
11723 189 7 6
11749 17374 -1 10
11758 1639 -1 10
11760 189 -1 10
11762 1639 10 9
11765 7122 9 8
11771 189 -1 9
11777 17298 7 6
11779 19270 -1 10
11781 1639 10 9
11792 2930 5 4
11796 1639 9 8
11825 1639 -1 10
11827 15543 6 5
11828 19049 9 8
11829 942 8 7
11842 942 -1 10
11843 2851 -1 10
11848 13696 -1 10
11852 143 10 9
11853 1639 9 8
11854 1639 8 6
11865 17410 -1 10
11867 9601 10 9
11874 189 2 1
11874 17298 -1 10
11878 10746 6 5
11880 1639 9 8
11885 143 9 8
11890 1639 9 8
11895 143 9 8
11928 707 6 5
11932 14170 6 5
11960 74 4 3
11962 18401 8 7
11973 189 -1 10
11980 15995 7 6
11995 1639 8 6
11998 9917 3 2
12003 1525 8 7
12004 143 9 8
12006 970 7 6
12013 189 8 7
12018 1639 6 5
12023 1639 10 9
12027 2930 10 9
12034 74 5 3
12050 19025 -1 10
12053 447 -1 10
12055 20265 -1 10
12057 189 10 9
12062 2658 8 7
12065 17618 9 8
12078 707 8 7
12078 5826 10 9
12095 486 8 7
12102 9917 -1 10
12103 1639 9 8
12104 189 3 2
12114 74 -1 10
12121 1639 5 4
12129 1639 -1 10
12131 739 10 9
12133 1639 10 9
12134 15187 10 9
12142 1639 -1 10
12144 942 10 8
12145 486 -1 9
12155 189 10 9
12164 7006 -1 10
12167 225 6 5
12175 8115 9 8
12178 707 -1 9
12179 20265 4 3
12189 1639 5 4
12196 8221 8 7
12198 707 6 4
12200 189 5 4
12204 143 8 7
12208 18401 6 5
12214 970 9 8
12216 5881 3 2
12224 1525 -1 10
12225 15995 2 1
12226 225 8 7
12226 1639 -1 10
12229 7006 -1 10
12231 1639 2 1
12248 922 5 4
12249 1639 4 3
12252 4265 -1 10
12254 1639 8 7
12262 1639 8 7
12275 1639 2 1
12281 15637 -1 10
12283 17298 7 6
12285 1639 -1 10
12301 189 -1 10
12302 1137 9 8
12313 12630 10 9
12315 1639 9 8
12316 13696 9 8
12319 1528 -1 10
12325 12462 6 5
12342 143 7 6
12359 10093 -1 10
12376 17298 6 5
12376 1639 9 7
12385 20265 -1 10
12386 20265 3 2
12389 942 6 5
12389 10093 10 9
12408 1639 4 3
12410 11228 5 4
12414 1639 6 4
12415 14170 10 9
12416 1639 10 9
12416 2930 -1 10
12425 12630 8 7
12427 8115 4 3
12428 5881 7 6
12441 1151 10 9
12453 219 -1 10
12456 2930 10 8
12458 13427 3 2
12463 5881 10 9
12464 12630 10 9
12473 1639 7 5
12484 942 10 9
12485 1639 -1 9
12492 17298 4 3
12496 1639 -1 10
12498 5881 7 6
12499 1802 5 4
12502 13427 10 9
12510 17391 10 9
12511 17298 5 4
12516 7006 -1 10
12521 1291 10 9
12531 1639 9 7
12532 1639 8 5
12535 189 9 7
12536 20265 4 3
12538 970 9 8
12548 8176 7 6
12549 1291 10 9
12561 1450 10 9
12565 161 5 4
12566 189 4 3
12566 16807 10 9
12574 1639 8 7
12575 7262 2 1
12578 8289 9 8
12589 7006 8 7
12594 1639 5 4
12594 5881 9 8
12609 2930 7 6
12618 1639 8 7
12622 143 9 8
12628 1639 -1 10
12634 189 9 7
12636 1639 8 7
12639 2930 2 1
12641 942 5 4
12645 143 -1 10
12648 9917 9 8
12649 5881 -1 10
12658 1639 10 9
12667 1639 6 5
12672 1450 -1 10
12673 189 10 9
12678 1639 -1 10
12691 143 10 9
12692 707 5 4
12696 659 8 7
12696 17298 9 8
12697 189 -1 10
12698 143 6 4
12699 1639 8 7
12701 1525 5 4
12707 189 10 8
12717 2851 8 7
12721 1639 6 5
12725 1639 10 9
12732 2930 3 2
12737 17410 9 8
12740 942 -1 10
12746 2658 9 8
12749 20265 9 8
12757 1639 6 5
12761 1639 9 8
12762 74 6 5
12773 4132 7 6
12775 20265 4 3
12788 143 -1 10
12803 9925 8 7
12803 8115 9 8
12813 707 5 4
12818 19973 -1 10
12829 20265 6 5
12829 1639 9 8
12839 143 4 3
12841 189 -1 10
12842 970 -1 10
12851 2930 8 7
12852 1639 2 1
12868 1639 6 5
12872 189 7 6
12877 12462 6 5
12880 4558 8 7
12885 1639 8 7
12886 1639 7 6
12892 7262 7 6
12895 7893 4 3
12896 1639 7 6
12899 74 4 3
12902 11324 8 7
12909 189 -1 10
12926 17229 10 9
12928 7332 8 7
12935 942 8 7
12945 1639 7 6
12947 15543 5 4
12957 161 4 3
12958 189 4 3
12965 13685 4 3
12965 1639 10 9
12972 1639 6 5
12973 20265 2 1
12979 189 2 1
12981 1639 6 5
12986 8289 5 4
12998 74 -1 10
13000 17374 8 7
13001 74 8 7
13004 2851 8 7
13005 447 -1 10
13011 1639 4 3
13011 2930 -1 10
13012 1639 7 6
13014 1450 9 8
13014 9601 10 9
13014 8221 -1 10
13023 1639 10 9
13025 143 10 9
13037 17941 10 9
13043 2930 5 4
13043 1216 7 6
13046 189 5 4
13047 1291 7 6
13052 17298 3 2
13054 189 7 6
13055 14248 10 9
13061 942 5 4
13068 9917 -1 10
13072 942 -1 10
13083 2851 10 9
13088 707 -1 8
13089 17374 6 5
13092 7893 9 8
13100 1639 6 5
13107 1639 9 8
13120 20265 3 2
13124 189 7 6
13124 143 10 9
13127 1639 10 9
13132 143 8 7
13133 74 8 7
13135 143 7 6
13136 1639 7 6
13147 1151 10 9
13149 189 7 5
13155 2851 6 5
13164 15995 -1 10
13165 6423 10 9
13168 1639 8 6
13171 707 8 7
13171 1137 -1 10
13177 18496 9 8
13184 161 9 8
13196 486 8 5
13198 6263 -1 10
13215 1639 9 8
13223 1639 -1 10
13229 1639 10 9
13233 143 -1 10
13245 5857 9 8
13250 2930 6 5
13252 942 9 8
13260 2930 8 6
13264 2930 9 8
13265 10098 4 3
13266 2851 3 2
13269 19973 6 5
13273 189 5 3
13285 143 9 7
13302 3799 7 5
13305 7893 9 8
13310 1639 10 9
13317 74 6 5
13317 189 8 7
13318 8289 2 1
13322 2930 -1 10
13327 189 7 6
13330 7893 10 9
13338 20265 10 9
13344 447 10 8
13346 1639 9 7
13349 9917 8 7
13349 1639 10 8
13355 1639 10 9
13357 1639 2 1
13357 19173 -1 10
13372 189 5 4
13372 143 10 9
13384 14038 7 6
13387 1525 6 4
13405 189 8 7
13414 1525 -1 10
13422 1639 4 3
13427 2930 8 7
13431 1639 6 5
13431 7262 -1 10
13434 1639 4 3
13436 922 10 9
13438 17298 -1 10
13442 18496 7 6
13442 15543 8 7
13442 18147 9 8
13442 1639 -1 9
13445 51 10 9
13445 707 -1 10
13446 14038 5 4
13446 707 -1 9
13454 1639 6 5
13458 4515 6 5
13464 15831 6 5
13476 1747 9 8
13477 1639 9 8
13492 189 7 6
13493 1639 3 2
13493 707 6 5
13503 1450 6 5
13510 12630 5 4
13515 15995 10 9
13516 17298 9 8
13518 707 7 6
13519 5881 6 5
13527 2930 -1 10
13529 18847 9 8
13541 2851 6 5
13543 14170 9 8
13547 380 4 2
13552 942 7 6
13556 1639 4 3
13557 942 5 4
13566 7893 6 5
13587 1639 10 7
13594 5826 8 7
13596 447 -1 10
13599 11767 8 7
13599 10093 9 8
13601 1528 5 4
13609 942 9 8
13628 2930 6 5
13629 9601 7 6
13636 7006 -1 10
13637 942 9 8
13642 14891 3 2
13644 1639 8 7
13646 7262 2 1
13649 143 10 9
13652 1450 7 6
13654 15995 7 6
13656 14075 8 7
13656 16414 10 9
13660 1639 8 6
13663 189 5 4
13668 2327 7 6
13681 7006 8 7
13683 189 8 7
13685 17618 -1 10
13694 7262 6 5
13697 2851 8 7
13707 1639 8 6
13711 7208 6 5
13715 3799 3 2
13726 2327 3 2
13730 659 9 8
13733 4807 7 6
13733 74 10 8
13744 1639 9 8
13746 15995 6 5
13746 17298 7 6
13752 1639 2 1
13754 7673 7 6
13758 3799 6 5
13773 1639 4 3
13774 8221 9 8
13779 1639 8 7
13791 1639 3 2
13793 2930 8 7
13801 486 6 5
13803 1639 -1 10
13843 1639 6 5
13845 8157 9 8
13851 1450 -1 10
13859 942 2 1
13863 19973 10 9
13864 12674 8 7
13864 1298 -1 10
13867 74 7 6
13871 16414 5 4
13876 447 4 3
13876 5826 8 7
13879 6423 4 3
13879 15995 10 9
13880 16020 8 7
13884 5881 8 7
13897 7208 4 3
13898 707 -1 10
13899 1639 -1 10
13906 2930 5 4
13907 1639 2 1
13914 9181 3 2
13917 7262 6 5
13918 17410 10 9
13922 1639 -1 10
13924 11769 8 7
13939 189 10 8
13940 1592 5 4
13942 7006 9 8
13966 5 8 7
13967 5881 6 5
13970 1291 10 9
13973 189 5 4
13974 19973 4 3
13977 486 6 5
13978 8115 7 6
13982 707 7 6
13982 1137 -1 10
13988 143 10 9
13989 1639 -1 9
13992 1447 6 5
13993 1137 10 9
14011 942 8 7
14013 707 10 7
14020 2930 4 3
14023 11970 10 9
14025 1639 9 8
14045 74 8 5
14047 10746 9 8
14054 189 8 7
14056 17298 -1 10
14062 1216 -1 9
14065 74 -1 10
14066 143 10 8
14078 16417 -1 10
14084 18147 8 7
14097 14248 7 6
14097 17663 8 7
14097 9917 9 8
14097 10093 10 9
14097 17410 -1 10
14101 707 8 7
14105 7006 8 7
14108 9917 8 7
14118 189 9 8
14124 486 9 8
14129 3799 10 9
14132 707 4 3
14153 17410 5 4
14156 1639 9 8
14161 1639 3 2
14162 1639 4 3
14163 5881 4 3
14166 707 10 8
14173 707 5 4
14181 7262 8 7
14182 1639 4 3
14182 20215 8 7
14198 942 4 3
14199 2930 5 4
14203 8115 10 9
14209 143 10 9
14217 7673 8 7
14217 1525 -1 10
14226 1639 6 5
14226 19173 -1 10
14227 707 9 8
14241 7262 9 8
14256 189 9 7
14270 143 8 7
14272 1639 -1 10
14273 7262 -1 10
14278 20265 9 8
14284 189 9 8
14299 11126 7 6
14299 14170 8 7
14299 10455 9 8
14299 17298 10 9
14299 7346 -1 10
14305 1639 -1 10
14307 17618 10 9
14307 5881 -1 10
14335 9601 8 7
14340 1592 9 8
14342 707 7 4
14342 1639 6 5
14348 17298 9 8
14356 942 7 6
14359 2930 8 7
14363 20265 3 2
14364 1639 8 7
14380 17298 7 6
14395 2930 6 5
14398 16807 -1 10
14402 143 -1 10
14404 1639 10 9
14405 9601 4 3
14408 2930 10 9
14414 1639 -1 9
14415 7208 10 9
14425 143 4 3
14439 707 8 7
14443 20265 -1 10
14445 1639 9 7
14446 1639 10 9
14452 1639 10 9
14458 74 6 5
14465 1639 6 5
14479 15995 9 8
14492 1639 5 4
14497 1639 9 7
14507 15486 -1 10
14513 1639 5 4
14521 10746 5 4
14523 6423 10 9
14525 1639 6 5
14526 1639 5 4
14526 143 9 8
14540 20265 8 7
14548 17618 8 7
14558 5881 8 7
14560 942 -1 10
14561 143 8 7
14573 189 5 4
14576 17298 3 2
14576 7262 4 3
14584 219 -1 10
14587 5072 8 7
14598 1639 -1 10
14603 189 7 5
14603 19973 -1 10
14606 1639 5 4
14611 707 -1 10
14622 219 -1 10
14627 18401 6 5
14632 1639 8 7
14639 161 6 5
14642 2851 8 7
14643 735 8 7
14644 16631 6 5
14647 189 6 5
14650 4060 3 1
14675 143 -1 10
14680 19293 9 8
14681 1639 7 6
14683 18147 10 9
14685 1639 8 7
14685 17618 10 9
14708 942 4 3
14714 15543 -1 10
14715 51 8 7
14722 17298 2 1
14723 143 7 6
14740 1639 -1 9
14754 74 8 6
14761 143 10 8
14765 13427 6 5
14767 10093 9 8
14773 19973 7 6
14775 707 6 5
14777 143 10 9
14791 1639 9 7
14791 707 -1 10
14794 189 9 8
14796 189 -1 9
14801 17298 10 9
14805 12725 10 9
14813 486 10 8
14822 9601 6 5
14826 1137 5 4
14827 1639 8 7
14833 942 7 6
14833 7262 -1 10
14840 15543 -1 10
14846 10093 10 9
14858 1639 5 4
14858 5072 10 9
14865 143 9 8
14868 19973 -1 10
14872 1639 6 5
14873 1639 6 5
14876 5881 7 6
14881 189 3 2
14882 13696 -1 10
14886 14170 -1 10
14901 1639 -1 10
14903 8606 7 6
14905 7262 7 6
14906 1639 9 7
14914 19049 -1 10
14916 2930 4 3
14919 143 3 2
14922 74 4 3
14922 7262 8 7
14939 6263 4 3
14946 18147 5 4
14957 1639 7 6
14962 1639 9 8
14965 189 4 3
14973 1241 8 6
14988 2930 9 8
14997 11719 -1 10
15011 74 8 7
15015 8115 8 7
15016 19973 3 2
15016 8115 4 3
15042 7006 9 8
15057 1639 -1 10
15061 942 6 5
15062 15995 3 2
15070 8115 6 5
15072 1639 -1 10
15074 1639 9 7
15077 143 9 8
15079 51 3 2
15088 659 6 5
15094 18147 8 7
15108 942 -1 10
15112 74 7 6
15112 17298 9 8
15114 1592 9 8
15116 74 10 8
15126 15543 -1 10
15132 20265 6 5
15133 2930 6 4
15144 1639 9 8
15149 74 10 8
15153 9917 5 4
15155 8221 9 8
15157 2930 -1 10
15162 2930 3 2
15181 1639 8 7
15187 17298 7 6
15187 6146 8 7
15187 17229 9 8
15187 6423 10 9
15187 7143 -1 10
15199 8289 8 7
15205 1639 10 9
15207 942 9 8
15216 1525 6 5
15217 18147 8 7
15234 1639 -1 10
15235 942 10 9
15240 7208 4 3
15242 1639 9 8
15243 1639 6 5
15246 14891 6 5
15247 1094 9 8
15255 143 9 8
15270 19973 3 2
15270 17298 8 7
15278 9601 10 9
15282 15995 5 4
15284 13912 7 6
15292 74 3 2
15292 189 9 8
15306 74 7 6
15316 8115 9 8
15332 1639 8 7
15338 1639 7 6
15355 1639 5 4
15355 17298 8 7
15362 1639 10 9
15366 1639 9 8
15367 13912 -1 10
15369 2930 7 6
15380 1639 7 5
15402 11769 10 9
15403 7208 5 4
15406 189 3 2
15408 1639 7 6
15409 1639 9 7
15414 1137 6 5
15415 15995 10 9
15422 1137 7 6
15424 5826 4 3
15434 12462 8 7
15440 19973 5 4
15444 9601 5 4
15445 74 6 5
15448 189 5 3
15449 1639 3 2
15450 707 7 6
15451 17374 8 7
15463 1802 9 8
15470 5 4 3
15477 707 -1 10
15481 189 2 1
15483 8115 9 8
15484 18496 10 9
15484 8289 -1 10
15491 20265 6 5
15492 15995 6 5
15493 13912 9 8
15510 7006 10 9
15513 7262 7 6
15518 143 4 3
15527 8289 8 7
15531 74 5 4
15553 17410 6 5
15557 3799 -1 10
15563 15543 8 7
15604 2732 10 9
15611 707 4 3
15614 7893 3 2
15624 3980 -1 10
15629 5869 8 7
15633 1639 8 7
15640 10093 9 8
15642 707 2 1
15645 189 7 6
15646 189 10 7
15649 1639 4 3
15656 1639 8 7
15665 1639 3 2
15668 1528 10 9
15670 4515 10 9
15675 2930 8 6
15684 19973 10 9
15688 1639 9 8
15689 15543 10 9
15699 1639 8 7
15699 942 9 8
15703 1639 9 8
15711 15543 6 5
15725 1639 6 4
15726 12630 5 4
15743 189 10 9
15744 1639 4 3
15757 14891 6 5
15762 2851 10 9
15763 2851 3 2
15775 17663 -1 10
15776 189 7 6
15782 15543 4 3
15783 74 -1 10
15785 942 7 6
15790 970 9 8
15818 189 -1 10
15822 189 -1 10
15828 189 5 4
15829 143 7 6
15839 16807 7 6
15843 707 7 6
15850 4515 8 7
15859 1639 10 9
15864 1568 5 4
15866 1639 9 8
15867 10384 9 8
15869 1639 9 8
15870 143 -1 9
15871 143 10 9
15894 7893 4 3
15894 8221 5 4
15894 15831 6 5
15894 5881 7 6
15894 17618 8 7
15894 14891 9 8
15894 13912 10 9
15894 11694 -1 10
15907 1639 -1 10
15909 15543 7 6
15912 20265 10 9
15918 707 -1 9
15920 143 10 9
15924 1151 5 4
15924 17410 8 7
15927 1639 7 6
15937 14170 6 5
15939 19059 -1 10
15954 74 7 6
15956 2930 4 3
15966 1639 6 4
15967 189 5 4
15968 942 10 9
15974 5881 5 4
15979 1639 10 8
15988 74 5 4
15999 74 4 3
15999 189 8 7
16002 17618 8 7
16009 13427 6 5
16011 15491 9 8
16016 18641 5 4
16019 7262 7 6
16025 14075 10 9
16033 1639 -1 10
16040 5111 10 9
16042 1639 -1 10
16043 14170 8 7
16044 9917 4 3
16046 17298 2 1
16051 189 5 3
16060 4132 8 7
16060 5881 -1 10
16062 189 8 7
16067 1639 9 8
16068 2930 7 5
16072 74 7 6
16078 1639 7 6
16081 189 8 7
16082 5881 6 5
16084 9917 5 4
16096 11769 -1 10
16097 1639 9 8
16098 1525 10 9
16099 189 7 6
16100 189 4 3
16128 15995 7 6
16130 16020 4 3
16132 189 9 8
16146 16807 6 5
16148 1639 8 7
16152 143 9 8
16163 10093 5 4
16175 707 5 2
16180 19973 8 7
16180 7006 9 8
16187 19049 10 9
16198 8289 -1 10
16200 189 7 6
16207 5826 -1 10
16215 18496 10 9
16222 1639 4 3
16223 17618 9 8
16224 7208 10 9
16226 1639 7 6
16237 1639 8 6
16238 486 9 7
16240 2930 8 7
16242 1639 7 6
16253 15995 10 9
16255 1639 5 4
16259 1639 8 7
16260 74 7 6
16268 143 8 7
16268 1639 10 9
16269 9601 8 7
16275 16319 7 6
16277 9925 7 6
16278 707 7 5
16283 1639 6 5
16289 12053 5 4
16302 1639 5 4
16303 1639 3 2
16304 1639 8 7
16308 15995 8 7
16309 707 -1 10
16316 189 7 6
16316 11767 10 9
16322 707 9 7
16322 1639 -1 10
16326 7494 8 7
16329 486 2 1
16341 74 10 8
16357 1639 8 7
16360 189 4 3
16362 74 4 3
16365 189 7 6
16377 1639 5 4
16380 10746 6 5
16395 942 4 3
16397 189 7 5
16405 380 10 9
16406 1639 3 2
16407 3222 8 7
16417 5881 3 2
16420 1241 -1 10
16421 5881 -1 10
16433 161 7 6
16445 189 10 9
16446 3799 5 4
16447 659 9 8
16450 13685 10 9
16451 13685 8 7
16453 11767 8 7
16469 942 9 8
16471 7332 9 8
16478 14891 -1 10
16483 189 6 5
16491 707 7 6
16493 1639 6 5
16496 1639 9 8
16497 13685 7 6
16507 189 6 4
16519 447 -1 10
16521 189 -1 10
16541 7111 4 3
16547 7893 -1 10
16569 14038 8 7
16572 189 8 7
16580 7893 8 7
16581 1216 7 5
16601 1639 3 2
16601 942 -1 9
16604 1639 9 8
16609 15995 10 9
16611 7262 -1 10
16618 14170 9 8
16623 707 7 4
16646 14248 3 2
16647 11767 10 9
16649 17410 10 9
16655 447 8 6
16658 1639 9 7
16661 364 -1 10
16664 1639 6 5
16665 942 -1 9
16666 7893 3 2
16666 1639 10 9
16670 12462 8 7
16670 11662 10 9
16670 12805 -1 10
16690 1639 6 5
16717 5881 6 5
16717 2851 -1 10
16727 380 -1 10
16728 9601 6 5
16736 707 6 5
16744 219 3 2
16744 9641 10 9
16746 51 -1 10
16748 1639 3 2
16757 942 7 5
16758 1639 3 2
16758 707 10 9
16761 143 3 2
16762 143 10 9
16775 3799 -1 10
16780 18641 -1 10
16783 2930 -1 10
16789 942 6 5
16790 74 6 5
16793 18147 5 4
16806 1639 8 7
16811 2930 7 6
16811 2851 9 8
16812 143 -1 10
16815 51 -1 10
16821 2851 4 3
16821 189 -1 10
16825 942 -1 10
16840 15831 -1 10
16844 2930 3 2
16846 143 9 8
16855 1592 -1 10
16859 189 -1 10
16860 6423 2 1
16874 189 10 9
16877 15491 10 9
16884 189 7 6
16885 143 7 5
16907 189 5 2
16911 707 5 4
16921 1639 4 3
16921 143 7 6
16930 1639 9 8
16931 9917 -1 10
16932 1639 7 5
16933 2930 -1 10
16952 10093 10 9
16954 143 -1 9
16959 1450 9 8
16960 1639 10 8
16970 1592 7 6
16971 922 4 3
16976 74 5 4
16978 13685 -1 10
16989 942 10 8
16990 942 -1 10
16991 143 4 3
16992 2930 4 3
16992 13912 9 8
16992 1639 -1 10
16995 11324 -1 10
16998 74 10 9
16999 5826 9 8
17002 189 8 6
17007 12805 10 9
17012 922 10 9
17014 1639 4 3
17017 6423 10 9
17018 17117 10 9
17022 143 -1 10
17024 189 3 2
17029 15995 -1 10
17046 1639 4 3
17053 2930 8 7
17055 14891 7 6
17057 3799 -1 10
17060 1639 4 3
17068 6423 5 4
17068 189 8 7
17071 1639 8 6
17076 1639 -1 10
17087 14891 10 9
17090 942 10 9
17092 1639 6 5
17110 1639 5 4
17116 19049 8 7
17117 189 9 8
17121 1639 4 3
17128 1639 6 5
17132 2851 5 4
17137 143 -1 10
17140 1639 3 2
17142 161 3 2
17156 1639 5 4
17158 143 6 5
17159 12725 8 7
17167 1639 5 4
17170 1639 -1 8
17173 4515 8 7
17173 1639 -1 10
17174 8798 -1 10
17179 16807 6 5
17179 189 -1 9
17186 15543 9 8
17191 19059 8 7
17195 1639 8 7
17203 1639 8 7
17208 10258 8 7
17214 74 -1 10
17219 942 4 3
17228 942 6 5
17229 942 10 9
17234 3138 7 6
17240 143 9 8
17241 143 7 6
17241 15002 -1 10
17242 1639 2 1
17251 20265 10 9
17252 1639 9 7
17253 486 9 7
17255 12322 6 5
17258 19973 5 4
17271 1639 9 8
17272 189 9 8
17280 189 10 9
17290 189 6 5
17299 189 9 8
17305 7262 6 5
17307 143 9 8
17309 143 -1 7
17310 189 -1 10
17312 1639 7 6
17314 12725 -1 10
17320 1639 4 3
17323 707 9 7
17324 1592 9 8
17334 20265 7 6
17339 1639 8 7
17340 74 10 9
17346 6423 6 5
17348 74 10 9
17358 1639 3 2
17364 12725 7 6
17368 74 9 8
17371 1639 7 6
17372 1639 8 6
17373 1639 7 5
17381 5881 10 9
17384 13149 10 9
17385 1639 -1 10
17387 1639 3 2
17397 13092 9 8
17399 3799 8 7
17410 74 9 8
17416 189 6 5
17422 7208 8 7
17432 7262 6 5
17434 18147 5 4
17452 970 -1 10
17454 1639 -1 10
17460 18641 3 2
17461 16807 5 4
17463 7143 8 7
17467 143 -1 10
17469 942 5 4
17470 1639 10 9
17476 6423 9 8
17482 14038 7 6
17489 12725 -1 10
17490 15995 4 3
17497 1639 10 7
17502 1639 5 4
17505 2930 5 4
17506 3799 8 7
17507 8115 9 8
17516 19013 9 8
17526 16807 10 9
17528 189 6 4
17530 189 4 3
17534 1639 -1 10
17539 970 -1 10
17560 74 10 9
17584 2930 -1 10
17588 364 8 7
17590 20265 9 8
17609 14891 5 4
17614 10093 10 9
17621 17374 10 9
17621 13685 -1 10
17622 143 10 9
17627 707 -1 9
17645 707 3 2
17645 5014 -1 10
17651 189 5 4
17652 9601 6 5
17656 5881 5 4
17665 1639 7 6
17674 143 6 5
17675 189 9 8
17680 10258 9 8
17680 5327 10 9
17690 189 -1 10
17703 74 10 8
17705 15057 9 8
17705 9917 10 9
17705 5756 -1 10
17709 1639 10 9
17710 7208 10 9
17714 19025 5 4
17715 1639 6 5
17715 9601 8 7
17720 189 6 5
17721 5881 8 7
17726 447 4 3
17730 74 10 9
17733 1151 2 1
17741 707 -1 10
17743 17410 9 8
17745 1639 6 5
17753 18147 4 3
17755 1291 10 8
17769 5826 7 6
17770 1639 7 6
17771 1639 -1 10
17778 17298 -1 10
17785 189 8 7
17787 707 5 4
17791 4132 10 9
17803 17410 10 9
17804 1639 10 9
17806 16807 8 7
17812 8289 -1 10
17823 4515 5 4
17834 707 8 7
17836 16414 7 6
17836 4515 8 7
17836 1291 9 8
17836 9925 10 9
17836 9641 -1 10
17862 8157 10 9
17864 1639 8 7
17893 486 2 1
17895 143 6 5
17901 1639 -1 10
17909 942 -1 10
17912 143 4 3
17913 942 6 5
17918 1528 9 8
17920 1639 5 4
17921 942 6 5
17921 10889 -1 10
17930 1639 9 8
17931 1639 6 5
17933 1592 5 4
17935 15995 9 8
17935 9601 10 9
17937 5881 10 9
17942 942 5 4
17952 1639 4 3
17954 707 5 4
17955 2930 6 5
17975 1639 -1 10
17976 20540 8 7
17981 7262 4 3
17984 5826 -1 10
17988 10746 6 5
18002 1525 9 8
18003 189 5 4
18003 143 10 9
18006 1639 6 5
18008 1639 4 2
18009 942 8 7
18011 1685 10 8
18024 1450 7 6
18030 707 10 9
18039 5 5 4
18040 5881 5 4
18051 1639 4 3
18052 707 -1 10
18076 1291 9 8
18076 1639 10 9
18078 20265 7 6
18084 1639 10 8
18089 1639 -1 10
18091 7143 7 6
18099 15543 2 1
18106 1639 -1 8
18113 4515 8 7
18113 7208 -1 10
18123 1639 4 3
18124 16319 5 4
18127 17618 8 7
18148 8289 4 3
18162 143 9 8
18163 1639 6 5
18175 1639 5 4
18177 11662 -1 10
18179 2851 8 7
18186 19342 8 7
18187 380 5 4
18194 1639 5 4
18194 942 9 8
18206 16631 10 9
18207 17298 10 9
18221 1639 3 2
18225 2930 6 5
18235 20265 9 8
18238 189 8 7
18240 143 -1 10
18246 189 9 8
18250 17298 6 5
18251 143 3 2
18255 1639 -1 10
18275 5881 7 6
18285 14891 7 6
18289 4265 10 9
18293 143 4 3
18294 15543 7 6
18296 922 10 9
18301 143 9 7
18303 7262 4 3
18317 3799 10 9
18320 659 -1 10
18322 12630 5 4
18329 1639 4 3
18337 1639 8 7
18339 1639 4 3
18342 1639 4 3
18355 1639 -1 10
18358 1241 3 2
18360 4132 7 6
18361 942 7 6
18375 942 4 3
18381 143 -1 9
18382 1592 10 9
18393 707 -1 10
18398 143 10 9
18400 1525 10 9
18411 2930 9 8
18413 1639 -1 8
18414 9641 6 5
18417 17298 9 8
18419 74 -1 9
18426 15995 7 6
18430 18401 9 8
18435 942 7 5
18444 486 10 9
18445 2930 4 3
18445 15491 10 9
18447 7893 7 6
18454 1639 2 1
18468 1639 10 7
18472 17298 3 2
18476 8115 6 5
18478 7006 8 7
18482 659 7 6
18484 1639 9 8
18495 1639 9 8
18507 19973 6 5
18508 10258 9 8
18526 189 5 4
18529 447 10 9
18545 8115 3 2
18549 17627 -1 10
18550 189 9 8
18553 143 6 5
18558 143 5 4
18558 2930 9 8
18562 143 8 7
18569 12630 8 7
18572 1639 2 1
18586 2851 7 6
18589 380 7 6
18589 12283 10 9
18590 1528 8 7
18594 1137 -1 10
18595 1639 10 9
18613 18401 6 5
18618 143 9 8
18623 1639 5 4
18629 1639 8 7
18631 19435 10 9
18632 1639 -1 10
18634 17298 2 1
18635 1639 9 8
18641 1639 9 8
18651 2930 8 7
18655 10093 10 9
18660 1639 -1 10
18661 1525 9 8
18663 707 4 3
18663 1639 7 6
18678 74 10 9
18680 19973 7 6
18684 1639 4 3
18689 74 -1 10
18697 1639 3 2
18698 14170 5 4
18702 51 6 5
18705 19973 8 7
18706 189 2 1
18707 13696 -1 10
18711 7893 3 2
18712 1639 4 3
18719 7893 9 8
18725 942 8 7
18727 15995 7 6
18729 7262 8 7
18729 1639 10 9
18729 143 -1 10
18733 1639 7 6
18736 1151 6 5
18744 16319 7 6
18755 7893 10 9
18760 707 9 8
18761 17298 10 9
18769 1639 6 5
18775 364 -1 9
18783 1639 -1 10
18786 74 7 6
18787 9917 8 7
18791 1639 9 8
18796 1639 9 8
18797 17410 10 9
18803 8115 8 7
18810 1639 4 3
18810 942 7 6
18811 2930 7 6
18811 3275 8 7
18811 7893 9 8
18811 17618 10 9
18811 15831 -1 10
18819 1639 -1 10
18820 1639 7 6
18821 9917 7 6
18826 8289 3 2
18830 7262 7 6
18857 189 10 9
18864 1639 5 4
18868 2930 7 5
18872 189 10 8
18873 1298 10 9
18880 4060 6 5
18884 942 4 3
18884 1639 5 4
18886 143 9 8
18897 942 7 6
18898 14248 5 4
18898 14891 6 5
18898 19049 7 6
18898 13912 8 7
18898 15995 9 8
18898 7893 10 9
18898 17298 -1 10
18899 16414 7 6
18899 13427 8 7
18901 143 8 7
18910 1639 -1 10
18919 2930 9 8
18921 942 -1 9
18928 2930 3 2
18933 17298 -1 10
18941 1639 -1 10
18960 1639 -1 10
18963 1639 7 6
18966 5826 10 9
18971 1639 5 4
18973 2930 10 9
18977 16807 8 7
18984 20265 7 6
18987 17298 2 1
18991 189 7 6
18997 1137 9 8
18998 18505 8 7
19006 16807 6 5
19018 15543 7 6
19024 143 -1 10
19031 1639 5 4
19031 14170 10 9
19034 1528 4 2
19042 1639 10 8
19043 7262 7 6
19044 189 -1 10
19047 9601 9 8
19048 1639 7 6
19062 189 -1 10
19067 143 -1 10
19074 1639 7 6
19076 1639 6 5
19082 189 6 5
19084 161 -1 10
19085 14891 9 8
19090 14248 -1 10
19093 18641 -1 10
19098 143 6 5
19098 1639 9 8
19100 19973 10 9
19108 14926 9 8
19110 51 -1 10
19118 1639 7 6
19119 189 9 8
19125 16807 5 4
19128 447 6 5
19133 1639 6 5
19134 4132 -1 10
19136 1639 8 7
19144 2930 8 7
19145 74 -1 10
19154 74 4 3
19156 189 4 3
19173 1639 8 7
19175 74 9 8
19177 10093 -1 10
19183 14170 7 6
19191 17298 2 1
19191 7262 4 3
19197 1639 3 2
19199 189 -1 10
19203 1639 10 9
19208 17391 8 7
19217 1639 5 4
19220 659 7 6
19225 189 -1 9
19240 11662 4 3
19244 1151 5 4
19252 4132 7 6
19261 1639 10 9
19264 5881 -1 10
19274 189 6 5
19277 4515 10 9
19280 17298 7 6
19295 1639 5 4
19300 17374 6 5
19305 17374 10 9
19312 3799 10 9
19314 1639 -1 10
19318 1272 3 2
19339 189 4 3
19341 7208 10 9
19360 12805 -1 10
19369 14891 -1 10
19370 1639 8 6
19374 17298 9 8
19375 970 10 9
19377 13912 9 8
19387 1639 7 6
19389 3799 7 6
19404 4060 -1 10
19434 20540 5 4
19439 1639 7 6
19439 7262 10 9
19451 4515 9 8
19453 707 -1 10
19454 6146 9 8
19454 10746 10 9
19454 12563 -1 10
19456 1802 6 5
19473 189 2 1
19476 1639 3 2
19480 3799 8 7
19488 1639 10 8
19495 16807 7 6
19499 189 10 9
19516 447 6 5
19517 4132 5 4
19521 20265 7 6
19521 1151 8 7
19525 707 8 6
19529 1639 6 5
19532 9181 10 9
19539 707 7 5
19543 1137 6 5
19551 970 9 8
19552 16414 -1 10
19555 707 9 6
19565 8115 -1 10
19567 707 7 6
19570 17298 5 4
19571 19049 -1 10
19572 16807 4 3
19577 5881 5 4
19577 51 9 8
19578 17298 3 2
19584 7262 5 4
19590 7262 5 4
19592 11463 10 9
19597 143 9 7
19598 1639 6 5
19598 942 -1 10
19599 1639 7 6
19607 1639 -1 10
19614 1639 6 5
19615 970 10 9
19617 189 8 7
19620 74 8 7
19623 143 9 8
19636 397 5 4
19639 707 8 7
19644 17298 4 3
19644 5881 -1 10
19648 1639 6 5
19653 17298 9 8
19654 1639 -1 9
19660 1639 3 2
19664 1639 4 3
19671 486 7 6
19678 189 8 6
19683 14170 -1 10
19685 2088 7 6
19686 15543 -1 10
19694 189 7 5
19701 15543 2 1
19711 1639 4 3
19720 189 4 3
19722 1639 2 1
19723 1639 2 1
19725 1639 9 7
19729 1639 10 9
19731 1481 -1 10
19737 189 10 8
19744 9601 5 4
19745 17298 8 7
19750 659 9 8
19768 1528 5 4
19771 17410 9 8
19782 2930 5 4
19785 7893 9 8
19785 15543 10 9
19794 161 8 7
19804 7893 10 9
19807 17298 7 6
19808 1802 -1 10
19818 2930 8 6
19821 707 6 5
19822 18641 6 5
19824 942 8 7
19826 20265 -1 10
19830 7494 -1 10
19835 9917 4 3
19844 447 4 3
19867 189 8 6
19869 9601 4 3
19872 1639 9 8
19873 2930 4 3
19874 10979 8 7
19878 970 10 9
19880 893 10 9
19884 447 6 5
19887 2930 8 7
19892 8289 6 5
19897 1639 5 4
19899 8115 5 4
19904 19973 7 6
19921 1639 3 2
19926 7006 7 6
19939 707 6 5
19942 3104 10 9
19942 18496 -1 10
19943 17298 5 4
19949 942 -1 9
19956 707 7 6
19964 707 8 7
19964 5826 10 9
19971 5826 8 7
19972 942 4 3
19979 19973 5 4
19980 1639 7 6
19984 16807 8 7
20001 1639 4 3
20002 707 9 8
20004 2851 10 9
20009 5881 6 5
20011 1639 -1 10
20027 659 8 7
20031 2930 6 5
20033 1639 10 9
20043 17391 9 8
20060 1639 10 8
20062 14391 9 8
20064 2851 8 7
20064 8009 10 9
20065 189 9 8
20067 9601 9 8
20068 14891 4 3
20073 1639 8 7
20084 15754 5 4
20088 5072 -1 10
20094 143 8 7
20095 14248 8 7
20101 5 9 8
20106 2775 3 2
20119 707 10 9
20120 1639 7 6
20121 5881 -1 10
20134 1639 9 8
20141 7893 2 1
20144 1639 7 6
20158 14891 -1 10
20161 189 5 4
20162 189 -1 9
20168 20265 4 3
20173 15995 5 4
20180 12725 -1 10
20182 1639 9 8
20188 189 4 3
20191 2930 4 3
20200 189 -1 9
20203 4515 -1 10
20217 20498 10 9
20229 707 9 7
20232 1639 7 6
20234 1639 10 9
20236 15995 6 5
20241 143 8 7
20241 13685 9 8
20254 74 9 8
20258 9601 -1 10
20259 1137 10 9
20264 17410 6 5
20269 7262 10 9
20272 74 6 5
20282 11970 8 7
20283 74 8 7
20286 189 10 9
20287 6423 3 2
20317 4363 -1 10
20320 1639 2 1
20321 9601 6 5
20331 2930 8 7
20332 1639 10 9
20340 1639 4 3
20340 13685 -1 10
20344 15995 8 7
20344 16807 9 8
20348 1639 8 7
20362 4515 6 5
20374 707 6 5
20384 1639 8 7
20397 12725 8 7
20402 2930 10 9
20405 1639 9 8
20410 942 10 9
20422 707 10 9
20424 486 6 4
20440 74 10 9
20442 1639 9 8
20453 17618 -1 10
20470 1639 10 9
20475 143 10 9
20476 189 5 4
20479 189 3 2
20481 20265 4 3
20497 6263 -1 10
20500 1639 8 7
20501 143 9 8
20508 1639 8 7
20517 4132 10 9
20518 143 -1 10
20524 1639 8 7
20525 1639 5 3
20531 8289 4 3
20532 74 -1 10
20540 9925 6 5
20543 16714 -1 10
20546 18421 8 7
20546 19049 9 8
20546 9601 10 9
20546 6423 -1 10
20547 1639 4 3
20551 1639 3 2
20554 7006 5 4
20556 74 4 3
20562 189 10 9
20565 2930 8 7
20568 17298 -1 10
20576 4060 10 9
20583 1639 9 8
20588 14891 9 8
20589 15831 6 5
20592 16414 5 4
20593 1639 -1 10
20615 1639 9 8
20618 8115 4 3
20622 12462 9 8
20635 1639 -1 10
20637 1639 -1 10
20642 7893 -1 10
20644 143 -1 10
20649 10226 6 5
20650 143 -1 10
20659 6423 2 1
20661 2953 10 9
20666 161 10 9
20674 7893 6 5
20678 1639 5 4
20685 1639 4 3
20693 143 3 2
20695 5881 8 7
20696 1639 5 3
20697 189 5 4
20700 12725 5 4
20700 4633 -1 10
20704 1639 -1 10
20714 2851 4 3
20724 1639 10 7
20725 74 8 7
20726 1639 4 3
20735 5 10 9
20739 189 5 4
20743 18421 -1 10
20744 5881 10 9
20750 74 8 7
20753 143 8 7
20754 2930 8 7
20757 143 10 9
20758 189 8 7
20765 9925 10 9
20771 189 -1 10
20772 15995 7 6
20779 7006 9 8
20790 2930 9 8
20791 1639 5 4
20797 5881 3 2
20799 9917 7 6
20802 18641 8 7
20804 15995 -1 10
20812 20265 4 3
20813 1639 8 7
20817 15995 8 7
20819 1639 10 9
20827 659 4 3
20855 7262 4 3
20861 189 -1 10
20872 942 10 9
20883 1639 9 8
20886 74 4 3
20890 942 3 2
20892 1639 -1 9
20896 1639 -1 9
20903 2930 2 1
20903 1525 -1 10
20909 189 -1 10
20916 6423 9 8
20920 189 8 7
20924 6423 9 8
20926 1592 6 5
20935 659 8 7
20938 18147 5 4
20939 1639 7 5
20942 18641 3 2
20949 15002 8 7
20950 7143 4 3
20951 143 9 8
20967 7262 3 2
20972 17298 6 5
20973 1639 6 5
20976 1639 7 5
20977 453 -1 10
20983 2851 6 5
20992 1241 5 4
20993 2851 -1 10
20998 17298 5 4
21032 12630 10 9
21038 1639 8 7
21040 14170 4 3
21054 8289 7 6
21057 20539 8 7
21058 9601 4 3
21062 143 9 8
21063 1639 9 8
21065 1137 -1 10
21073 1639 8 7
21077 1639 10 9
21105 1639 -1 10
21106 1639 8 7
21108 18147 6 5
21119 5 8 6
21125 189 5 4
21136 19973 9 8
21144 189 5 4
21146 1639 6 5
21148 380 6 5
21148 7332 7 6
21154 1525 10 9
21162 12630 -1 10
21169 707 4 3
21171 17663 6 5
21171 17920 9 8
21178 7262 9 8
21182 2930 -1 10
21185 9601 8 7
21191 9601 7 6
21192 942 7 6
21199 17298 5 4
21200 1639 -1 10
21201 5881 2 1
21207 219 7 6
21213 189 6 5
21214 1639 5 4
21221 8176 2 1
21222 143 5 4
21222 5881 9 8
21222 17618 -1 10
21226 1639 -1 10
21230 9181 -1 10
21231 1639 6 5
21236 20310 8 7
21239 2930 6 5
21243 1639 3 2
21243 17298 6 5
21259 1639 6 5
21263 12725 5 4
21271 6129 -1 10
21272 20265 4 3
21278 1525 6 5
21279 942 8 7
21282 1639 6 5
21296 9917 6 5
21302 1639 5 4
21304 942 -1 10
21313 2930 4 3
21315 20265 7 6
21317 1639 7 6
21320 942 9 8
21333 74 8 7
21354 1639 10 9
21358 5881 8 7
21358 17298 -1 10
21361 143 9 8
21366 1298 -1 10
21368 1639 8 6
21395 1639 -1 10
21398 19973 5 4
21404 1639 10 9
21410 189 10 9
21414 1137 9 7
21416 1639 4 3
21420 2851 10 9
21434 1639 5 3
21443 380 -1 10
21445 2851 -1 10
21449 2930 5 4
21452 7262 7 6
21453 143 10 9
21457 7006 6 5
21458 143 7 6
21472 20265 6 5
21472 2930 10 9
21478 942 9 7
21479 19973 5 4
21496 1639 6 5
21497 942 3 2
21500 17298 3 2
21502 7262 9 8
21504 17298 -1 10
21505 7262 9 8
21508 2164 -1 10
21520 1639 9 8
21524 11767 6 5
21525 1639 4 3
21529 1450 5 4
21541 17374 7 6
21544 2851 7 6
21553 14248 7 6
21554 2930 9 8
21557 10258 10 9
21566 10903 10 9
21571 486 9 8
21578 189 5 4
21604 10093 3 2
21620 17298 6 5
21625 942 10 8
21631 1639 8 7
21637 707 8 7
21639 20539 -1 10
21645 16807 -1 10
21648 942 9 8
21664 1639 2 1
21680 6423 4 3
21682 74 6 5
21714 486 3 2
21714 1639 9 8
21725 942 9 8
21730 143 8 7
21732 17298 6 5
21736 11662 7 6
21737 7262 8 7
21758 5072 9 8
21780 1525 9 8
21799 15486 8 7
21801 1639 7 6
21804 15995 2 1
21819 2930 5 4
21822 7006 9 8
21837 9917 5 4
21841 2851 9 8
21850 18387 7 6
21850 19293 8 7
21850 7208 9 8
21850 2775 10 9
21850 20265 -1 10
21853 5881 4 3
21854 1639 3 2
21865 922 -1 10
21880 74 -1 10
21886 2164 10 9
21888 1639 10 9
21897 707 5 4
21898 1639 8 6
21901 143 7 6
21911 74 7 6
21912 1525 6 5
21919 1639 6 4
21930 143 -1 9
21931 1639 5 4
21931 14891 8 7
21941 680 8 7
21942 2930 9 8
21944 15995 -1 10
21945 1639 6 5
21949 8115 -1 10
21954 380 6 5
21965 18147 10 9
21971 1639 9 7
21973 1802 10 9
21975 922 9 8
21975 1639 -1 10
21978 2930 4 3
21981 143 -1 9
21982 5826 7 6
21982 1137 10 9
21989 189 -1 10
21996 13685 4 3
22000 189 10 9
22001 17298 -1 10
22013 189 4 3
22015 12630 -1 10
22027 1639 9 8
22041 1639 9 8
22042 143 -1 9
22062 1639 6 5
22071 2930 10 8
22075 922 -1 10
22076 5881 5 4
22082 1592 -1 10
22087 17298 8 7
22090 1639 6 5
22099 15995 -1 10
22101 2930 3 2
22110 189 7 5
22114 2930 6 5
22119 7262 4 3
22125 189 3 2
22127 19973 3 2
22131 447 9 8
22132 7262 9 8
22139 74 3 2
22145 1639 6 5
22148 2930 10 9
22153 7262 -1 10
22154 7208 4 3
22154 7346 -1 10
22155 12674 -1 10
22156 942 9 8
22158 1639 9 8
22175 15543 4 3
22187 10820 5 4
22196 1639 10 9
22199 19059 10 9
22228 74 -1 7
22229 1639 8 7
22235 16807 7 6
22239 19059 8 7
22239 5857 9 8
22240 15543 9 8
22241 707 3 2
22251 1137 9 6
22262 1639 5 4
22264 189 9 8
22274 1216 8 7
22276 15543 4 3
22280 6263 3 2
22282 17298 6 5
22286 13685 4 3
22295 1639 6 5
22298 10746 10 9
22302 1639 8 7
22304 1639 10 9
22311 3799 3 2
22312 486 -1 7
22326 74 4 3
22328 219 7 6
22336 5857 5 4
22339 143 -1 8
22347 2851 7 6
22356 970 -1 10
22362 447 8 7
22367 17298 2 1
22369 189 5 4
22378 1639 5 4
22387 1639 8 7
22389 1639 9 8
22396 14170 -1 10
22400 1639 6 5
22401 1525 9 8
22408 1639 5 4
22410 189 9 8
22411 1639 5 4
22412 16631 9 8
22418 189 5 3
22419 380 6 5
22434 8289 5 4
22435 143 4 3
22447 1592 -1 10
22450 74 8 7
22458 486 3 1
22460 1525 -1 10
22462 143 6 5
22465 1639 7 6
22466 1525 8 7
22478 15995 10 9
22482 707 9 7
22491 74 8 7
22493 13427 8 7
22498 15995 9 8
22500 143 7 5
22507 143 6 5
22517 6531 -1 10
22519 74 10 7
22521 74 5 4
22522 707 2 1
22529 143 7 6
22530 7006 8 7
22531 1639 -1 10
22537 10746 9 8
22539 1639 -1 9
22541 1639 -1 10
22551 74 3 2
22552 189 -1 10
22555 1639 3 2
22558 707 4 3
22570 7999 4 3
22572 1137 10 9
22581 189 3 2
22598 1639 8 7
22605 1639 2 1
22607 189 5 4
22612 2930 4 3
22618 20265 4 3
22621 1639 10 9
22622 2930 -1 10
22627 189 9 8
22630 74 5 4
22632 7999 10 9
22633 1639 8 6
22634 447 4 3
22638 74 -1 10
22639 1639 9 8
22658 9925 9 8
22658 1472 -1 10
22671 1639 3 2
22672 1639 7 6
22673 9925 10 9
22682 5 7 6
22689 20265 7 6
22691 1639 3 2
22700 11767 8 7
22711 20539 9 8
22712 13685 9 8
22713 970 -1 10
22717 1639 -1 10
22724 1639 -1 9
22725 1639 5 4
22726 707 -1 10
22751 12563 -1 10
22762 15637 7 6
22763 8289 -1 10
